0.997641591712523
0.988365407683104
0.995835257179795
0.928571428571429
0.928571428571429
0.928571428571429
0.0612244897959184
0.0612244897959184
0.0612244897959184
0.928571428571429
0.928571428571429
0.928571428571429
124.525274198708
61.5671109456932
60.8465939041728
60.8755765118974
42.9000335794081
2.27420123549364e-14
134.973878156698
66.3260558275815
60.8755765118974
108.147147369015
54.0234225289476
48.0920466105587
0.504025042207935
0.452089948967859
0
0.96716161480419
0.964200331077753
0.965518427541668
1.31152107314992e-10
0.616144818751377
0.433639241315068
0.202804114087597
0.322514457058136
3.88691346682542e-15
1.8613228872032e-15
0.392606881514685
0.855717980029343
0.62590012210864
