-202.668855871721,-28.300522506216,-1.4210854715202e-14,-213.306422390663,-106.276679301317,20.2678587048969,255,128,128,-54.6452699025365,-29.7733780406346,76.105565807862,255,128,128,23515.9133745063,3161.63242872006,8.20415341429852e-29,0,0,0,13454.6756003248,4638.82579288472,3102.89035808689,0,0,0,17685.7528808023,3257.02215090983,4.32642857132525e-13,0,0,0,0.872975545543517,0.340868327471319,0.348887489328444,-0.124634450876218,0.847420461513323,-0.516086053932221,-0.471571787258083,0.407047103828848,0.782261276509814
1.10079160791525,29.2942889502571,-1.13242748511766e-14,-150.762478903454,-12.6826097432834,2.54577659353152,255,128,128,-5.6861298855776,-88.6522673499845,86.8954824805468,255,128,128,12621.5671670088,429.098280487115,1.04228247102326e-28,0,0,0,10577.999189973,2887.11703597604,3564.62501033189,0,0,0,-908.646280749092,1112.56737074582,2.95067478111912e-13,0,0,0,0.788569147323506,-0.412137352168844,0.456400594693667,-0.552250269403533,-0.148132224984937,0.82041238646472,0.270514953067671,0.898999247423638,0.344415466114008
-169.889654162594,6.88273221276566,-7.105427357601e-15,-107.885815360651,-44.1161450698415,45.588470791547,237,137.666666666667,85.3333333333333,-61.7916624419237,12.0394999739853,-92.1945833451037,237,137.666666666667,85.3333333333333,14652.9687994985,1565.34315788178,4.13012509489045e-28,648,186.888888888889,3640.88888888889,1191.66268356347,1967.96851266215,17525.3965761049,648,186.888888888889,3640.88888888889,4084.79568412827,-969.884848373899,9.09077376772915e-13,-324,-93.4444444444445,-1820.44444444444,-0.236718656994374,-0.134447486345185,0.962230819941993,0.271629100260173,0.941728491853633,0.198406349502556,0.932835413844601,-0.308336376456854,0.186404854096745
20.1120353752118,-35.8315892479611,-9.15933995315754e-15,-1.79600359458173,-28.1902019346371,178.479451373582,255,128,128,58.7145989130185,5.67742213070847,126.534987489148,255,128,128,7447.39408198489,659.871352191638,1.95519038404009e-28,0,0,0,9444.92042616959,1757.19428306013,6113.22548417152,0,0,0,-8035.8549215973,461.123339207013,7.09469153582321e-13,0,0,0,0.739023568588162,0.31638557544321,-0.594764098380767,-0.446934213342322,0.890851284904094,-0.08144812538545,0.504077349238485,0.326012508711235,0.799763633924742
37.1326674065524,-63.5470035420131,5.6843418860808e-14,31.4033263056472,-73.9344401896961,5.31353316654866,255,128,128,-19.4928854098748,-111.552848645606,-11.8975618560236,255,128,128,16762.8103901671,2105.71422054206,5.82880557746637e-28,0,0,0,1298.65737072304,710.991186127599,260.474507050163,0,0,0,1180.27678506092,-1212.47568136868,3.89520780023562e-13,0,0,0,0.774978003563805,0.567840499909041,0.277427937769988,-0.069621240096193,-0.359596865310112,0.930506838978956,-0.628141685386129,0.740437209439255,0.239145900985324
-8.73295896099768,46.0755522025622,-9.32587340685131e-15,79.3956689029322,110.238447324044,20.9800160011836,255,128,128,52.6727591411056,-54.1027034064833,-61.3757912568961,255,128,128,3597.44977464026,1072.85026495234,1.58210437102658e-29,0,0,0,362.010034051008,13507.9328206223,3445.39733872795,0,0,0,-249.461494987592,3779.3729079118,-1.37136996431537e-13,0,0,0,0.144312540085304,0.88387491676132,0.44490338534821,0.247717548364046,-0.467563044077281,0.848540403307758,0.958023959515958,-0.0122446450890277,-0.286426537981398
-18.8728202636666,-79.8380276233939,-1.4210854715202e-14,-31.0968036370072,-121.707146414308,60.8486728397097,255,128,128,-12.2027784550069,-128.353421714986,139.099024819343,255,128,128,18097.7569511134,3218.72935725773,6.80173402723895e-29,0,0,0,10702.8890408618,4832.8920279312,3304.95491661761,0,0,0,13911.2328450373,125.042977540428,4.74110029903099e-13,0,0,0,0.813749997354719,-0.543490267511787,0.20598366664656,-0.132971745500649,0.170914384235332,0.976271882295074,0.565799838020219,0.82183124933372,-0.0668127301857276
-82.4278946524769,-41.1110568379925,3.90798504668055e-14,-103.542437987459,-32.4824251545779,-79.1618194575007,255,128,128,-51.502642945585,-44.5974000500467,60.5832629204358,255,128,128,8210.20799089821,1441.52759468955,2.17375004994234e-29,0,0,0,15759.1798977903,1713.75114618162,20587.0113568171,0,0,0,-6181.83130575555,740.124116538029,-5.30544895256991e-13,0,0,0,-0.594249989953222,-0.241023856897991,0.767316394876723,0.780991199941767,0.0549971793347262,0.622115789768064,-0.19214498446255,0.968959653789176,0.155555437946239
-43.7539502805486,50.4671005321741,3.01980662698043e-14,-103.542437987459,-32.4824251545779,-79.1618194575007,255,128,128,63.3975746852417,26.7060410265417,-34.153408167722,255,128,128,8210.20799089821,1441.52759468955,2.17375004994234e-29,0,0,0,14363.0634879632,3944.41512499025,1156.78741792065,0,0,0,5415.23334812909,-886.471819661877,1.05498156897119e-13,0,0,0,0.895385605019192,0.394103559601687,0.207284834548249,-0.256855606012616,0.837364406528342,-0.482541240039988,-0.363744162818192,0.378818208364801,0.850991744394136
7.70435145191246,-85.5661067989856,-2.37587727269783e-14,-74.0332240610638,-52.3333513789198,164.208192572451,255,128,128,-21.0955306935553,7.5387233087126,85.4271171863744,255,128,128,10634.5276654463,3671.0242990815,4.73590453169142e-28,0,0,0,20826.4789215285,1839.75686629242,3349.61352857395,0,0,0,14148.8499028399,2583.55240377097,-1.13146292441388e-12,0,0,0,0.960349093326805,0.148125940052933,-0.236195522459295,0.277098758816073,-0.600573102778868,0.75001881715138,0.0307554354379173,0.785729377140755,0.617805348867283
-56.953253849611,-2.62561351688014,-7.105427357601e-15,-41.5921098187978,125.157856315535,23.3939599910494,255,128,128,74.6053057598921,-4.83055123282,-40.682410338258,255,128,128,1779.52341361884,38.8991245886572,4.01442549545804e-29,0,0,0,6798.89185239087,8448.70995512491,2067.73838588547,0,0,0,3395.88503950039,-173.422712078141,9.01486721492068e-14,0,0,0,-0.626653273906274,0.698486802451958,0.345574682381375,0.6092078649762,0.715613860990274,-0.341705398274204,0.485974743740545,0.00360399209659141,0.873965422478074
27.3414311981354,125.533195037711,-7.105427357601e-15,101.384064931764,-91.18070056586,18.1374272828223,237,137.666666666667,85.3333333333333,25.0739459350419,-58.0763590262041,-38.389752331531,237,137.666666666667,85.3333333333333,12818.619351745,8115.94357230564,1.01254679745701e-27,648,186.888888888889,3640.88888888889,10401.2050694152,3501.65767836391,5891.00987988859,648,186.888888888889,3640.88888888889,-8611.14993418434,-2913.90983614592,1.16971576411239e-12,-324,-93.4444444444445,-1820.44444444444,0.72573332630282,-0.418166827172654,0.546303618646079,0.378663761269209,0.905763158610888,0.190280993282785,-0.574390890417754,0.0687721248441835,0.815687133556436
3.34197978567784,55.1730504948878,-4.9737991503207e-14,-7.32990574663954,82.2893156106167,191.881919871879,255,128,128,-34.9082048261454,120.153976102422,184.936611709495,255,128,128,27280.4610029821,1522.34438015817,5.49748399727354e-28,0,0,0,905.789597979323,2457.72452268446,746.519901545868,0,0,0,-3739.83482766776,-1067.8461095183,1.26973566991791e-13,0,0,0,-0.469432235681066,0.784189828220038,-0.405807453627585,-0.470106502740574,0.167065967179208,0.866653817098559,0.747417722685583,0.597607961733028,0.290226587150098
111.338156460754,1.36430655725921,3.00870439673417e-14,13.906868480673,-32.2205369242492,69.3284308281496,255,128,128,109.93916556806,33.9478898817904,41.9390721083176,255,128,128,6199.28934676548,4820.7271240768,3.97087379964896e-29,0,0,0,14476.7913556765,4107.8817612829,2583.81576258528,0,0,0,-5454.69088193476,-3086.18801859964,-1.22917850760614e-14,0,0,0,0.945252040205329,-0.16763363492859,0.279995615909055,0.2920765405594,0.817283486876987,-0.496728292462837,-0.145567424043005,0.551313582744722,0.821500735567938
-25.4821453628527,-90.4336771441941,-2.8421709430404e-14,124.690769698694,43.3670881288742,-16.0758228152522,255,128,128,131.799615708679,-66.5098909858476,-3.86415713077798,255,128,128,10895.2226270976,4214.72065128172,4.15116138569635e-28,0,0,0,299.055887678242,15752.7383365599,11021.0212037373,0,0,0,-1610.62846904525,-3863.6084184778,1.06956139971232e-12,0,0,0,0.0889945948818013,0.782006205017933,0.61688431443446,0.177792461677643,-0.621867155098692,0.762673640543623,0.980035612951095,0.0418035491664197,-0.194377623775637
13.0970860543966,8.60515220609741,0,-41.5921098187978,125.157856315535,23.3939599910494,255,128,128,74.6053057598921,-4.83055123282,-40.682410338258,255,128,128,1779.52341361884,38.8991245886571,5.89016142565022e-29,0,0,0,6798.89185239087,8448.70995512491,2067.73838588547,0,0,0,-1045.9731743305,559.922712696928,3.3587873966186e-13,0,0,0,-0.626653273906274,0.698486802451958,0.345574682381375,0.609207864976234,0.715613860990275,-0.341705398274143,0.485974743740502,0.0036039920965413,0.873965422478099
-131.19547088349,-38.0934431294237,2.1316282072803e-14,-8.4504861076916,-29.2796393420845,206.599947897352,255,128,128,-89.4489253172729,25.9609699856332,29.3515780845405,255,128,128,11020.2707092756,3312.06909218298,3.56214524313132e-28,0,0,0,49268.1557490943,2361.87200130873,27466.7458831938,0,0,0,5223.34423407908,2522.73366265479,8.9317462096813e-13,0,0,0,0.884882795663976,-0.118707378141593,-0.450434230840258,0.406913836620492,-0.273667109279087,0.871508716459921,0.226723548632905,0.954470990482988,0.193859642065402
14.3600528564901,-59.9985061737232,9.45077349712165e-15,10.7699684730878,-66.3324685881858,28.8620449802765,255,128,128,26.2330146951377,11.6159701161008,-5.65912836311411,255,128,128,3996.36294635732,1847.57759375984,8.12870831861039e-31,0,0,0,1206.65320414777,13338.3150944476,2770.37189480587,0,0,0,-2168.29543051064,1637.68930790667,-1.31042221273111e-14,0,0,0,0.260756334603144,0.878459721439306,-0.40039312153571,0.957889415931308,-0.287074399209874,-0.00601299967300574,0.120224792830394,0.381964405576052,0.916323737585043
17.9727505355176,77.0588035669448,1.50990331349021e-14,71.9280100204947,63.5097549962478,22.7858278237676,255,128,128,55.0769877592392,86.5507002087858,-60.5495671233005,255,128,128,8528.51848674156,3026.34131918937,7.58884190822613e-28,0,0,0,162.632284345068,2072.18088608866,5209.36156904106,0,0,0,567.134547479705,-1209.54145508647,1.60617713370488e-12,0,0,0,0.159164279655763,0.224497077716495,0.961388472043646,-0.107969639659222,0.971919562736786,-0.209081133728972,0.981330366896653,0.0705225188595004,-0.178933745671943
43.8561677952145,-5.97953868921714,-1.77635683940025e-14,124.221193368942,-70.3951583463003,-68.0013102928082,255,128,128,74.6053057598921,-4.83055123281999,-40.682410338258,255,128,128,1779.52341361884,38.8991245886571,5.89016142565022e-29,0,0,0,6798.89185239087,8448.70995512491,2067.73838588547,0,0,0,3221.93586662149,-167.876607818549,-1.41766280545234e-13,0,0,0,-0.626653273906274,0.698486802451958,0.345574682381375,0.60920786497621,0.715613860990275,-0.341705398274186,0.485974743740532,0.00360399209657616,0.873965422478082
11.5766969244215,-3.89777141243986,-3.84137166520304e-14,-109.775852178987,-26.4044933902362,31.0874379596011,255,128,128,-39.7749641023205,36.2890139001807,43.0006696037056,255,128,128,8129.39532403044,7.65944720285888,5.9954524436943e-28,0,0,0,10922.9939859053,5867.05248146896,369.540091574873,0,0,0,-8670.29942518897,106.487073671115,2.43041988785912e-13,0,0,0,0.798578249201511,0.583783037906712,0.146526941395298,-0.554122139277982,0.80812719736233,-0.199697490333001,-0.234992414056802,0.078280249972242,0.968839908240799
-58.2702326436497,-78.8174738623566,-7.105427357601e-15,-41.3279046177589,34.7808903987733,26.188384891598,255,128,128,-122.862946791215,50.659314701244,55.5063435170518,255,128,128,9943.67365771832,3745.59204325437,1.37437099931838e-28,0,0,0,5184.65802419467,1715.25945574412,544.257259536008,0,0,0,1541.49023835335,-382.360292982922,-8.94316679995069e-14,0,0,0,0.96202656521595,0.250652903174428,-0.108064841410295,-0.164652450039047,0.848661550541059,0.502656088523142,0.217702683756862,-0.465775369425517,0.857705571114927
-66.6531941614886,36.9047214669568,-7.105427357601e-15,72.3020890845013,112.717952303214,2.33741835958392,255,128,128,43.3545170879435,-69.0557853421559,20.041819725756,255,128,128,4822.68834426394,1262.47244163541,5.27660294381166e-29,0,0,0,462.804177509785,16520.8458488316,175.9365326078,0,0,0,-627.084995957542,3354.14931608386,5.85193206098454e-14,0,0,0,0.157092465053333,0.982896464368984,-0.0961066998414678,0.818862616643342,-0.184036696183106,-0.543686039476853,0.55207424544846,-0.00671079644736186,0.833767948966351
-5.02734275745018,62.9510968633118,2.1316282072803e-14,-113.217529138477,42.6440247987197,-30.9185756138792,237,137.666666666667,85.3333333333333,-56.857793771073,7.21697970309239,38.3286781944353,255,128,128,18249.339719576,1982.79331948682,4.15116138569635e-28,648,186.888888888889,3640.88888888889,6954.35470448101,1750.98649848081,3313.58187754378,0,0,0,-9750.79128327933,1075.81075690359,-6.96556567507749e-13,0,0,0,0.836664248292414,0.136873464029575,0.530338185004469,0.178787280575424,0.846984705977857,-0.500651591572471,-0.517714249305284,0.513695009401637,0.68417058792535
74.6864765342835,1.62078428297586,2.8421709430404e-14,165.25434255236,50.4658573618057,-17.2888623022112,255,128,128,42.2390101850484,20.2215484530121,-26.6352513211929,255,128,128,2810.35577762948,173.131634777898,1.39014821742281e-28,0,0,0,7926.4986797215,12077.8437304364,411.101607697998,0,0,0,4681.41462259689,-1388.50487505438,-2.38981954977975e-13,0,0,0,0.503223694029007,0.848675070320499,0.162838996509732,0.863517672882826,-0.501085939036047,-0.0570097388118085,-0.033213587382702,-0.169303002681166,0.98500423902454
-51.4825346382584,-52.8661777915345,-3.5527136788005e-15,-223.120362290408,-36.8619491525197,24.4034136214916,237,137.666666666667,85.3333333333333,-135.145511515821,-29.1989533181064,-2.3661904163133,237,137.666666666667,85.3333333333333,9046.71097201115,1637.25262743292,1.38488914472133e-29,648,186.888888888889,3640.88888888889,6681.94297190314,9219.49967739546,12028.987321062,648,186.888888888889,3640.88888888889,6924.41457017073,-1282.07409839401,-1.84881032115871e-13,-324,-93.4444444444445,-1820.44444444444,-0.426061702087031,-0.589664262449727,0.686124976665564,0.892029956014697,-0.400265262873754,0.209929218807248,0.150844236174667,0.701486833038385,0.696535885282774
43.741079085852,48.8378030493127,0,-72.0350900792178,7.66622667660336,109.988860573401,237,137.666666666667,85.3333333333333,52.7212391228463,-11.4329771532004,-68.5179041088478,237,137.666666666667,85.3333333333333,10770.8056769357,1308.81146955201,7.01209693529788e-31,648,186.888888888889,3640.88888888889,11418.984117595,578.309124114884,15933.1367286507,648,186.888888888889,3640.88888888889,-8702.87237022898,251.849470056164,5.3498957001495e-14,-324,-93.4444444444445,-1820.44444444444,-0.631536097486436,0.113395400610127,0.767009544068437,0.710815264869521,-0.310442553422368,0.631163275431225,0.309683413827856,0.943804484067049,0.115452496962413
9.17373281133045,-35.5801765077856,3.5527136788005e-14,31.2492550215829,62.7179722139077,176.512922684648,255,128,128,23.7541042258369,26.5422190225934,135.56463636674,255,128,128,15352.3309158618,634.71414679475,2.40514924880717e-28,0,0,0,9210.59076712623,15712.6574434929,3664.67173072922,0,0,0,-11822.5353356,-805.423009765962,4.87109166751439e-13,0,0,0,0.581284948862541,0.753683164640047,-0.306707508163782,-0.0692871317147166,0.421406491578897,0.904221135692986,0.810744782039712,-0.504359253105689,0.297177795607361
22.6907261920823,-54.4574275895565,-2.99760216648792e-15,29.4147630516511,-53.7184961448629,7.36725807521564,255,128,128,-27.0226962864805,8.08280046455396,19.3010947525211,255,128,128,9446.54903448625,1524.34675136827,2.06552819450734e-28,0,0,0,4039.50029126158,2040.86590479657,4467.57319073185,0,0,0,5382.128806354,1608.95408177383,3.50363510055813e-13,0,0,0,0.694538915931251,-0.320382448597327,0.644182257507783,-0.309583579888574,0.675154316404232,0.66957050122008,0.649441068396831,0.664471019436901,-0.369735801631473
-13.4876427533484,93.4696337429397,-3.33066907387547e-14,-142.74836296792,102.59365180812,83.6561179301275,255,128,128,-79.7955068768785,-44.0685077821375,57.2456903959688,255,128,128,32894.7576034709,4380.39858388442,1.93270921779148e-29,0,0,0,6517.47838259184,12201.9197692529,3930.82047131886,0,0,0,-11773.6663275025,6721.83996378929,8.21001012681282e-14,0,0,0,-0.102902287460532,0.929261134646942,0.354802568860582,0.859955432866502,-0.0961479594517138,0.501230708732674,-0.499887760120986,-0.356692183160705,0.789229316329084
-27.7139507974064,34.6010456262293,4.30211422042248e-14,-130.082676084449,-22.6625133435692,7.92402059527769,255,128,128,-163.105500052103,55.1608706312008,7.79157851048798,255,128,128,15387.2419276845,613.938732440776,2.43503077946788e-27,0,0,0,2005.89273462383,3369.0335849988,5173.01306716737,0,0,0,-5138.86535512917,-1274.12296589349,2.07054178867709e-12,0,0,0,0.501962074843315,-0.44505998046001,0.741589973780612,-0.108157606079692,0.818406259520974,0.564369671956244,0.858100231713117,0.36350076777061,-0.362672282045475
-107.315109458858,0.805449859837431,-2.04281036531029e-14,-110.966197461198,-7.28532422427192,-22.712232030741,255,128,128,-44.521156551047,77.6144812710357,31.6995216286249,255,128,128,5808.15789695146,37.7623095751039,4.18424971810978e-29,0,0,0,5799.37141845671,3675.1255141868,1701.52375303903,0,0,0,3988.60500616555,17.4151597184101,-2.66604911746001e-13,0,0,0,0.747415477272962,0.602077594035426,0.280842794269932,-0.608263939570827,0.45015399500299,0.653740285282026,0.267179872278222,-0.659442151779337,0.702674152296804
74.4146970079159,-76.189971864912,2.1316282072803e-14,117.771819263389,-113.416834705829,-74.3503453967894,255,128,128,2.16852802891581,-51.6093632473748,-40.1338020818236,255,128,128,15024.7706186243,3558.15475760443,7.01209693529788e-29,0,0,0,8408.60145691586,10017.7899474741,5936.15817348336,0,0,0,8901.34425159994,48.8628982020312,4.29171115877848e-13,0,0,0,-0.570192575718083,0.733101724835946,-0.370732096855046,-0.639040281863067,-0.112222018280816,0.760942663260086,0.516244074786676,0.670796600807981,0.532469694529284
-57.0114466170609,-66.8909221990353,-2.04281036531029e-14,1.03406645652647,13.4586958348091,-25.8224011530278,255,128,128,44.3629164527945,-73.9528326273203,-2.73035488621848,255,128,128,7991.49963709004,2808.2925069285,4.713882164754e-28,0,0,0,1171.99869950412,3861.59324181364,3763.8299312145,0,0,0,2453.84690011072,-3076.92127277629,-8.17328375117397e-13,0,0,0,-0.271667721319421,0.779955488715072,-0.563796137638727,-0.481555280806285,0.397049056255578,0.78131719452098,0.833247358664097,0.483757669241313,0.26772627201961
-68.4684787807579,-6.10363650577216,3.5527136788005e-14,-92.3345667057974,70.6196020591915,40.6914950341846,255,128,128,-49.8981215942536,-24.8520214084181,23.840329470419,255,128,128,7209.33707576181,27.6011207412265,8.41451632235746e-30,0,0,0,2828.34966444604,7701.03418043195,9122.92503845663,0,0,0,4515.46839868368,-123.401872171895,1.07516581552923e-13,0,0,0,0.414969351171969,-0.615916543747439,0.669662040678822,-0.184744469684674,0.663651932186712,0.724869363282635,0.890881540110044,0.424514927938999,-0.161608036458906
107.071640363887,-0.978339437640231,-1.7430501486615e-14,166.668591969838,-85.927537403745,-27.983473869519,255,128,128,111.446093939094,-23.1466769329022,-5.62586704658799,255,128,128,5755.22048951265,119.479903311426,4.96598896238088e-30,0,0,0,4125.51710739622,11072.4099799233,9228.42002064697,0,0,0,3201.23607958327,-1010.01685463463,5.83345946802624e-14,0,0,0,-0.399857072267839,0.699260716252766,-0.592578072884122,-0.497405271720126,0.377487159803112,0.781083503761799,0.769871623988324,0.607073220369214,0.196875056033343
2.31291060985096,22.6938189099148,2.48689957516035e-14,-186.462901222902,50.9969978792628,53.9380025893662,255,128,128,-139.555561443375,35.9293536933961,-72.2670840048394,255,128,128,13111.0187256694,257.557252589812,1.02096131377937e-27,0,0,0,4986.54089424264,8878.68383252497,10497.3248511058,0,0,0,7083.27140946601,149.510556809512,2.95808278595351e-12,0,0,0,-0.518519435414315,-0.550989939489034,0.653871303606062,0.0450511781086179,0.746036562098701,0.664379288782377,0.853878203521231,-0.373951246279273,0.362011711077878
-51.1944219226101,6.72072778650691,3.90798504668055e-14,-92.3345667057974,70.6196020591915,40.6914950341846,255,128,128,-49.8981215942536,-24.8520214084181,23.840329470419,255,128,128,7209.33707576181,27.6011207412265,8.41451632235746e-30,0,0,0,2828.34966444604,7701.03418043195,9122.92503845663,0,0,0,4458.58831076389,195.234250999755,2.74900529507969e-13,0,0,0,0.414969351171969,-0.615916543747439,0.669662040678822,-0.184744469684674,0.663651932186712,0.724869363282635,0.890881540110044,0.424514927938999,-0.161608036458906
-18.4054550075529,-83.8727299104119,3.19744231092045e-14,-84.6127215808279,-162.476602890022,-55.4503964278508,255,128,128,-26.8374500128932,-30.2056287860145,5.79302012332612,255,128,128,8393.48834825217,3589.75865201597,3.89872589602562e-28,0,0,0,3147.39828642889,8994.0900926945,1896.8584634396,0,0,0,-2955.22562157412,5413.39297681124,6.47435363651619e-13,0,0,0,0.365237161232477,0.844841225208186,0.390954115266195,0.929396640628944,-0.35489913072728,-0.101333565005157,-0.0531385024485557,-0.400362224988513,0.914814947604034
55.9643343934134,8.67267595154471,-1.77635683940025e-14,41.4405036742561,46.783851748893,52.6004257371456,255,128,128,75.4310363206226,92.76286784171,-58.2865434172569,255,128,128,4104.15124558819,60.8110746178758,5.25907270147341e-31,0,0,0,3038.24351374832,1359.71500322254,6149.98086981913,0,0,0,1547.92680562497,-115.57594557678,-4.97591696549767e-14,0,0,0,-0.326792102751698,-0.345552878513034,0.879659098589039,0.900828834216738,-0.395408971097746,0.179329743821638,0.28585718990929,0.851025824359507,0.440500525823052
33.7205217666518,-10.235925317819,-1.68753899743024e-14,41.4405036742561,46.783851748893,52.6004257371456,255,128,128,75.4310363206226,92.76286784171,-58.2865434172569,255,128,128,4104.15124558819,60.8110746178758,5.25907270147341e-31,0,0,0,3038.24351374832,1359.71500322254,6149.98086981913,0,0,0,-3522.5994517163,285.814174118486,1.03092628105962e-15,0,0,0,-0.326792102751698,-0.345552878513034,0.879659098589039,0.900828834216738,-0.395408971097746,0.179329743821638,0.28585718990929,0.851025824359507,0.440500525823052
-3.13939193182509,-34.7564759446944,-2.30926389122033e-14,97.7252975141665,48.3226301569192,70.2121372098625,255,128,128,24.6358650463992,9.73070410379017,113.105465349075,249,85.6666666666667,132,7796.95955126599,604.388299918101,1.91430246333632e-28,0,0,0,22003.1117115967,10263.8006980604,1427.60210574266,72,3584.22222222222,32,-12388.1210653456,-730.96068741791,-3.2857813537482e-14,0,0,0,0.840077952285618,-0.518083531014674,-0.160805749197503,0.408359322638507,0.799106251401377,-0.441216344422391,0.357087801104746,0.304989596318638,0.882875783131224
-69.2159256317507,62.7139109374352,-1.4210854715202e-14,1.03406645652647,13.4586958348091,-25.8224011530278,255,128,128,-119.652782112757,80.0183173959279,7.10679838866434,255,128,128,7991.49963709004,2808.2925069285,4.713882164754e-28,0,0,0,8647.12118775196,9607.2540120034,2974.01215259784,0,0,0,-6939.99275080889,-4581.60883152838,1.18331140626114e-12,0,0,0,0.507239619622829,0.7016123594828,-0.500447864723056,0.759113533094568,-0.63865550970634,-0.1259594529776,0.40798849512893,0.316005121703294,0.856554814883273
-46.5202052704797,71.0839960855916,-4.44089209850063e-15,47.2521965536404,41.1061315415855,44.8792435403949,255,128,128,25.3592888688005,17.1876981518999,153.097761912325,255,128,128,9011.84718804159,2871.21834122594,6.99456669295964e-29,0,0,0,4590.14870184929,5287.17479146041,7649.40929255023,0,0,0,-6382.77455085162,2163.17582011214,-5.3009139211322e-13,0,0,0,-0.587340141381431,0.49873456919068,0.637413043337072,0.215992178168534,-0.662416424771301,0.717322702249985,0.779986498147278,0.558988648979024,0.281340990651117
-116.256831798183,20.4352852208861,2.8421709430404e-14,-68.8089747957907,190.450630364716,0.449896944197434,255,128,128,57.7582226639704,36.7647738161765,-30.7369611960958,255,128,128,7778.13016226544,1591.75687456814,6.80173402723895e-29,0,0,0,8383.26105383259,11828.9736502835,643.680255463404,0,0,0,7974.58071102055,1406.92301852292,1.48138022909011e-13,0,0,0,-0.635171990121788,0.754938516774339,0.163169785362635,-0.525420230293517,-0.577180379273121,0.625137098067651,0.566118472197326,0.31133686847641,0.763268779503176
-101.865548533317,52.3604649669714,4.2632564145606e-14,-45.041330726931,55.1503472354327,42.0910513296214,255,128,128,-5.63707485452038,73.7831875243988,45.8878534514759,255,128,128,8393.48834825217,3589.75865201597,3.89872589602562e-28,0,0,0,1596.59523590622,3112.03386937415,200.960624532042,0,0,0,3628.40323184622,-3041.29119490548,-2.46716105498556e-13,0,0,0,-0.462323193393677,0.858806941639903,0.220698667511585,0.886497665817824,0.453131701076313,0.0937739301684505,0.0194718604612792,-0.239002716450677,0.970823644221428
48.9956869738351,-71.060748702584,1.06581410364015e-14,177.6130546482,37.1239932061914,36.7347780350011,255,128,128,3.02631330976466,-89.3570314304928,60.8308540215731,255,128,128,8293.13049854021,2952.07771644066,5.11883076276745e-29,0,0,0,15514.480251066,9532.376334772,6937.20675358848,0,0,0,5671.61850908129,-5303.40695381613,4.82179182171188e-13,0,0,0,0.804298662738248,0.584209517934275,-0.108641153677912,-0.186243820408401,0.421452887600924,0.887519409868047,-0.564284414526176,0.693596930996558,-0.447779406443627
-31.7711725853676,-5.33061512270441,3.5527136788005e-15,-40.7931015860718,-14.7104338433226,-106.692708722463,255,128,128,-36.027681349149,-15.1194111699366,29.8320330011281,255,128,128,1044.4749498038,27.4924181788093,1.52951364401185e-29,0,0,0,3785.81637445484,5046.72931998208,9319.81910332882,0,0,0,-1351.6547775887,257.836812699404,-2.30677730279758e-13,0,0,0,0.266139408984986,0.267682930240153,0.926021416514309,0.597788858027917,0.707790964032166,-0.376404612687061,0.756186680789077,-0.65374138624724,-0.0283531956706069
19.7852035763474,15.8360776884328,-6.3948846218409e-14,29.3252273694827,206.634683860006,-33.7017498447325,255,128,128,42.284883059559,209.487130950855,-12.9351987578742,249,85.6666666666667,132,8211.28421025704,128.452518977881,2.14009198465291e-27,0,0,0,5626.09897517454,389.823624065396,277.030293646952,72,3584.22222222222,32,6536.86845148635,11.7816624815115,6.42198292900884e-13,0,0,0,0.961246738924852,-0.246221462695415,0.124014911258555,-0.0406719971682541,0.318260170673465,0.947130536097978,0.272672872784739,0.915470073279858,-0.295912232556024
-12.5688838151708,7.12927822416017,2.22044604925031e-15,-40.7931015860718,-14.7104338433226,-106.692708722463,255,128,128,-36.027681349149,-15.1194111699366,29.8320330011281,255,128,128,1044.4749498038,27.4924181788093,1.52951364401185e-29,0,0,0,3785.81637445484,5046.72931998208,9319.81910332882,0,0,0,-1879.02867873429,-100.975305112941,-1.39427971326215e-13,0,0,0,0.266139408984986,0.267682930240153,0.926021416514309,0.597788858027917,0.707790964032166,-0.376404612687061,0.756186680789077,-0.65374138624724,-0.0283531956706069
11.1493885079759,-93.0796456453342,-2.1316282072803e-14,-2.66005534216745,48.7540303543136,-38.8483213627077,255,128,128,-77.1661602252542,-91.6060097204874,-19.7965225593209,255,128,128,12137.7635025003,4354.2070149827,1.03779034642409e-28,0,0,0,2917.77913458941,10459.0702892629,4320.02189638475,0,0,0,1725.74685575074,-6648.82100283278,4.04007209929106e-13,0,0,0,0.401306859953873,0.874586062420621,-0.272125014604604,0.421566903128375,0.0873965226144082,0.902575866075346,0.813163052739556,-0.476928786355471,-0.333623713792625
-16.3465572052247,38.4625844185049,-1.77635683940025e-15,-111.949218106769,91.3591580542361,168.83054334353,255,128,128,-45.8842495227445,55.4351638155151,133.4325438908,249,85.6666666666667,132,4342.22364182681,763.166922653627,3.43592749829596e-29,0,0,0,26448.5360637595,776.55938561434,830.568286382604,72,3584.22222222222,32,-9565.84163905423,635.340251596454,1.03834639187014e-13,0,0,0,0.99147103886522,0.0203787537029227,-0.128724067248658,0.0582303313195439,0.814359946026038,0.577431473703058,0.116595058239779,-0.580002228190534,0.806227640116659
-34.2288355075415,54.0459492544572,-3.73034936274053e-14,-30.795337449695,-18.1923410140664,-25.1466412741142,255,128,128,20.04570893429,17.0881660886615,-59.4990814389581,255,128,128,11627.2664588317,1537.96846083262,3.43592749829596e-29,0,0,0,1749.50370107562,3476.63447305745,1050.38828502426,0,0,0,3116.67359444014,-483.100342178321,1.04135218395496e-13,0,0,0,0.510973359566758,0.751481218233945,-0.417351416020943,0.715984187247651,-0.640750961929247,-0.277136876647741,0.475681478958747,0.157207453475877,0.865455340931725
19.0073596942185,-55.7636045643636,1.06581410364015e-14,97.3679966894382,-34.6972996810493,-30.9662992518666,255,128,128,145.273490249564,2.90082257007443,-67.0365253957886,255,128,128,7778.13016226544,1591.75687456814,5.89016142565022e-29,0,0,0,1547.98086848933,3713.68733152992,1014.85825913807,0,0,0,-2199.66703245075,714.903516102643,-2.38883647299194e-13,0,0,0,0.480106428475068,0.779247832519541,-0.402828292018463,0.678551267388679,-0.620934905308445,-0.392438556840187,0.55593704217486,0.0849273741686929,0.826874444069158
44.3400564005384,-1.79866310145576,-5.32907051820075e-15,41.5992487410577,71.6816662710744,98.7834814879479,255,128,128,79.0267591811695,14.7553464335048,-0.929388430853583,255,128,128,1044.4749498038,27.4924181788093,1.52951364401185e-29,0,0,0,13494.7844412163,1620.97311017954,7055.04809875439,0,0,0,-1716.48979477903,-55.3598164062879,-2.48241048088064e-13,0,0,0,0.919144266736678,0.0179018733337093,0.39351409105169,-0.354910812797215,0.471068717613097,0.807547260688792,0.170915569462568,0.881914840683326,-0.439333679448537
25.1525076866252,-50.5960553353448,1.4210854715202e-14,111.351818640865,-146.612905411055,-105.434031454937,255,128,128,28.7952978183059,-166.976975552531,5.96197409612572,255,128,128,9794.07014988768,1322.70036893946,4.6349960742319e-28,0,0,0,13098.7087811271,386.903855937309,7188.70441494215,0,0,0,10621.9915945588,-427.588659726491,2.96984054291751e-13,0,0,0,0.957664195488264,0.166163782475823,-0.235093356080394,0.242599566698842,-0.0261269103100002,0.969774630929881,-0.154999157795615,0.985751988053273,0.0653320681722954
0.833645622567444,-52.5090747962021,3.81916720471054e-14,-78.3903497887779,78.8046533287641,-11.1561847250037,255,128,128,59.1020463985742,-64.2666516948757,8.97376191715934,255,128,128,12013.9374176379,1378.6413428103,6.64466374066337e-29,0,0,0,9886.43318018007,10284.2324568622,2719.32461034187,0,0,0,-2341.63633266924,-3757.67632221658,-4.16018589902069e-13,0,0,0,-0.693807141890217,0.714739124335289,-0.0882022335689482,-0.318411713749795,-0.194596105348428,0.927764159865072,0.645945532076077,0.671774024451413,0.362593477138387
-3.84809498774702,102.175515947946,3.5527136788005e-15,-59.801503832272,174.8646371994,79.8416415343966,255,128,128,7.35128772380979,67.396289560223,-2.03210106182134,255,128,128,9648.42516923487,5223.9267172348,4.41762106923767e-29,0,0,0,5288.89760898733,6571.39961659635,3458.45283958979,0,0,0,-5279.33383336741,5433.80473888392,-3.86075616696098e-13,0,0,0,-0.436143622986747,0.716676784575748,0.54419952827815,0.890897479929617,0.429105580196351,0.148896209822179,0.126808597433501,-0.54976612072273,0.825637203693262
4.89634972855802,-77.264198037564,-2.1316282072803e-14,28.0686865090454,-94.0429777856995,-30.7378459461744,255,128,128,62.4846100229299,-91.8058521776928,-27.329277113601,255,128,128,15782.0988453916,2987.14700398554,3.36580652894298e-29,0,0,0,2382.42050932657,3921.02680000905,51.276756442279,0,0,0,-5397.59201801694,180.714639738685,3.91197005102608e-14,0,0,0,-0.596673840057195,0.797221690942098,-0.0917491366870752,0.796104719892571,0.602436523184058,0.0573368162586301,-0.100983184521842,0.0388305424289586,0.994130064638677
8.86105231558706,70.251397794793,7.54951656745106e-15,-44.7742854292678,-67.1151761832078,-74.6883030540951,255,128,128,-81.1769622222161,-59.3641041831442,-67.425133550877,255,128,128,9960.14951629322,2477.39439323331,3.1558818769425e-28,0,0,0,949.701004225411,121.895368326238,3665.83344913331,0,0,0,-1526.47331579601,-242.312411701595,1.03170963228342e-12,0,0,0,-0.336486519700132,-0.128895046298191,0.93282521894505,0.909317999173816,-0.301965560536498,0.286282337262373,0.244780715005536,0.944564908987024,0.218813926137512
35.1298342418515,-71.7504883033187,7.105427357601e-15,-6.25146082348476,-14.8555757923806,-35.6918777701905,255,128,128,79.8286374200648,-99.3850910043934,-1.8423719746191,194.333333333333,160.666666666667,166.666666666667,7823.93216273031,2794.45769879628,4.48774203859065e-29,0,0,0,4935.38430073797,4813.73514923876,2157.40168253962,7360.88888888889,2134.22222222222,2990.22222222222,-4489.91058526518,-3555.51913575001,-1.60343469680751e-13,0,0,0,-0.57282524131352,0.736739335931985,-0.35928594991261,0.771839816772644,0.337264226956925,-0.538995490203322,0.275924881368969,0.586061423492151,0.76183821624796
-38.9983802214928,32.828344246781,3.90798504668055e-14,-170.078153197359,-21.2384830343446,33.5807517133442,255,128,128,-88.3375997874427,-14.7000530448639,-71.1345243323206,255,128,128,6239.45974367845,613.637416021811,1.12193550964766e-29,0,0,0,3907.2044927532,6984.88513342614,6516.59575211862,0,0,0,3355.56912653158,614.32952315558,-2.48015595724536e-13,0,0,0,-0.512541865191564,-0.54098111220015,0.666813521660023,-0.341503216964672,0.840940697710612,0.419755042538822,0.787830177911923,0.0125769303360274,0.61576410385357
23.1517157738942,10.2830085404984,-1.33226762955019e-14,-15.1926616566783,28.6708590040757,95.5925183897696,255,128,128,-35.1536293775312,22.7209147114401,-26.538906499139,255,128,128,6993.71919742104,54.9768585268621,2.19355922378456e-27,0,0,0,652.201436271743,2289.88433027521,8059.77456676576,0,0,0,-1514.39298682846,99.7788617621326,-4.1558698707527e-12,0,0,0,0.0740217729276633,-0.121315546487909,0.989850147907745,0.466418074421655,0.881533672328598,0.0731612219939671,0.881461829568043,-0.456268476591573,-0.121836448911498
132.32280780184,-12.80157946229,-1.59872115546023e-14,47.2521965536404,41.1061315415855,44.8792435403949,255,128,128,157.037291614795,-71.5486462141141,17.2286772727919,255,128,128,9011.84718804159,2871.21834122594,4.25984888819346e-29,0,0,0,6301.9580104561,7121.47876518984,3212.11265621996,0,0,0,-6997.31530380358,750.070547094136,-2.84113061488539e-13,0,0,0,-0.631672694539375,0.72932856111208,0.262810686463753,0.549596299519753,0.182209609134884,0.815318076515605,0.546748127136764,0.659453947053997,-0.515933113094464
-26.7141013217117,-42.8045357916625,-7.105427357601e-15,156.392374761281,2.44493790881123,39.2411683526441,255,128,128,150.632207739577,-84.0104171438234,23.4952493595072,255,128,128,12203.1157160979,943.708368282773,1.96338714188341e-29,0,0,0,666.164966568179,6124.31467697356,192.009360946055,0,0,0,2697.05807870174,-2106.9898669542,4.52152852092326e-14,0,0,0,0.246412403238829,0.968492418409844,0.0361021192275069,0.760666421376778,-0.170184004353557,-0.626437546808966,0.600556011475958,-0.181823651225139,0.778635111547924
12.3374699315859,22.3350256286995,-1.24344978758018e-14,55.5322451263787,26.9207183420485,117.697781936625,255,128,128,50.5360152010514,101.300837881241,117.352908789268,255,128,128,12457.6632741913,250.959853400085,1.35333470851249e-28,0,0,0,105.814415576891,5645.10288823593,28.4286192191729,0,0,0,1105.81392315903,-764.204189972856,6.20055236744776e-14,0,0,0,-0.124155262368861,0.99108132270294,0.0484074644606579,0.725964829944516,0.123984016015001,-0.676463620201724,0.67643221131888,0.0488444015439077,0.734883451935113
-1.82062208664824,46.0113633134921,1.59872115546023e-14,-2.16952522694203,60.7547541309688,39.6731626321926,255,128,128,17.695913563113,49.4617165779705,50.9533945830584,255,128,128,19676.9249705736,1058.61194090793,4.38256058456118e-28,0,0,0,2490.71663338972,4937.07963091114,1626.60889948893,0,0,0,6735.46679571859,238.958793871023,-1.66980976466181e-13,0,0,0,-0.522796665068395,0.739013995649875,-0.424902296095197,0.772226679225215,0.621672814170291,0.131106323319617,-0.361039614012314,0.259578940507889,0.895694797773573
-83.5049802400168,-2.95086257578087,1.86517468137026e-14,14.780027642085,64.73128601658,132.360453901344,255,128,128,16.4903825379495,-51.8474290245234,21.8548415729345,255,128,128,3610.58106315013,126.730927424693,3.38333677128123e-29,0,0,0,3723.4783347525,11323.2208601883,14218.6562161516,0,0,0,750.881642717157,-916.392335097835,-5.55272344628559e-13,0,0,0,-0.440422853735356,-0.254615541981696,0.860928937653378,0.187544381769338,0.91169365875832,0.365570482187259,0.877983379554739,-0.322467980365859,0.353779008512945
2.39483978824724,64.03300954922,-1.06581410364015e-14,75.931553567034,-22.2049320889114,-82.6374484139567,255,128,128,-17.3029491511606,-37.6304985312817,-28.8359056233278,255,128,128,20296.9925135873,2050.40284392047,5.48696585187059e-29,0,0,0,4400.49242258896,1357.7341079965,8655.46690101154,0,0,0,-936.716037012882,474.929282994773,6.67770480273881e-13,0,0,0,-0.417071356928116,0.220422749931969,0.881739924548372,0.833704606618765,0.479105641588304,0.274580431023244,-0.361922798581122,0.849630269888431,-0.383588702071008
-24.1195545729817,33.1041275545145,3.28626015289046e-14,-7.82773258529856,-123.858980915542,9.14092117445512,255,128,128,-50.9205741948363,-102.190646693268,65.9825760383513,255,128,128,22257.5084269927,555.19733185772,3.85139424171236e-28,0,0,0,1915.70078933019,782.094889993075,3081.55024370873,0,0,0,-5176.46506440207,-295.637316093343,-5.03174689380458e-13,0,0,0,-0.577368247476179,0.3625378341693,0.731582001967051,0.0313349697289909,0.90519391573546,-0.423842063258932,0.815882360685883,0.221788849384585,0.533990336813592
-76.333991732631,36.0455919417207,-2.66453525910038e-14,-75.1427938628093,31.1541641170854,-26.3068928607117,255,128,128,-77.1201877792974,-7.73545512342757,-30.5621383384356,249,85.6666666666667,132,4355.29728751787,1962.31895615955,7.22245984335682e-29,0,0,0,408.369195739864,759.324077468361,617.885854611156,72,3584.22222222222,32,-840.972037217623,764.925235238384,1.05915553405364e-14,0,0,0,0.624255455382405,0.118423336995218,0.772192359247502,-0.0976372247057415,0.992520463208933,-0.0732809829579618,0.775094896626902,0.0296486655086124,-0.631148839701454
-89.691911324107,2.75490708588117,-2.1316282072803e-14,-71.4243365256897,-21.8149923280264,22.2453997622893,255,128,128,-73.9896421709964,-73.6394903313095,-16.7334562500898,255,128,128,4031.83701546509,1607.54193643379,1.47254035641256e-29,0,0,0,1595.52494799712,1344.51513452102,766.365783805929,0,0,0,8.05861505932823,122.448867152294,2.52414633563162e-14,0,0,0,0.308770074380892,0.754771660619593,0.578775242639455,0.950575740555121,-0.265775188289583,-0.160528224177931,-0.032661944750759,-0.599736016606622,0.799531054900258
-8.33878023621578,-62.3963794459139,-7.105427357601e-15,-53.4183758609697,-29.3445781910587,-2.46976031025648,255,128,128,-55.7720569983683,-39.2970569579097,-39.6624471026627,255,128,128,4355.29728751787,1962.31895615955,7.22245984335682e-29,0,0,0,223.448482395074,3842.3937776067,1372.26381720507,0,0,0,-986.260202108002,-554.250813569824,3.13420130082673e-13,0,0,0,-0.197950555894517,0.870116913193292,0.451344806989101,0.248324564611194,-0.400919495236433,0.881815439278552,0.948235460226896,0.28663585908665,-0.136709166678559
-0.656361830761095,-15.5694903975075,2.48689957516035e-14,69.6352464080663,-53.6370346376097,-9.53897390202225,255,128,128,76.0157288385758,-29.6080674032126,-4.00166137523517,249,85.6666666666667,132,17376.2020429573,121.206018158775,4.40359687536707e-28,0,0,0,219.250907635018,1080.335823581,6473.33074066076,72,3584.22222222222,32,1861.12805725483,185.968758663377,-1.98524413081809e-13,0,0,0,-0.164910138917704,-0.331946550581645,0.928771303195298,0.228012802869616,0.903325060827223,0.363337303629886,0.959590958591048,-0.271689753282014,0.0732793978678388
28.1120978580165,15.0240732375908,1.24344978758018e-14,14.780027642085,64.73128601658,132.360453901344,255,128,128,16.4903825379495,-51.8474290245234,21.8548415729345,255,128,128,3610.58106315013,126.730927424693,3.38333677128123e-29,0,0,0,3723.4783347525,11323.2208601883,14218.6562161516,0,0,0,3435.4249290375,625.143900381507,-6.70174496395695e-13,0,0,0,-0.440422853735356,-0.254615541981696,0.860928937653377,0.187544381769338,0.91169365875832,0.365570482187259,0.87798337955474,-0.322467980365859,0.353779008512945
37.6092325617218,65.2375133929512,4.9737991503207e-14,14.3967949747107,170.902815028242,82.1145638138875,255,128,128,34.5574218450149,41.6622843332519,107.266638021988,255,128,128,5697.31566750968,2429.55558111257,1.85294661515247e-28,0,0,0,533.972869168252,8352.26844574461,346.714976479324,0,0,0,-1663.81474249984,4230.30945044482,-2.01127976549365e-13,0,0,0,-0.157541908446013,0.968952995567973,-0.190553508136273,0.942976244876732,0.204905195962703,0.262315958846699,-0.293217238035838,0.138361674777876,0.945980812845216
55.3928823820002,-12.0732106618099,2.66453525910038e-14,92.065192725386,-27.7239010852979,-143.712816525041,255,128,128,16.4903825379495,-51.8474290245234,21.8548415729345,255,128,128,3610.58106315013,126.730927424693,3.38333677128123e-29,0,0,0,3723.4783347525,11323.2208601883,14218.6562161516,0,0,0,3435.4249290375,625.143900381507,-6.70174496395695e-13,0,0,0,-0.440422853735356,-0.254615541981696,0.860928937653377,0.187544381769338,0.91169365875832,0.365570482187259,0.87798337955474,-0.322467980365859,0.353779008512945
-5.56748197063491,-33.175594237446,-3.01980662698043e-14,-16.5618590075566,-121.372187318302,-2.7703250805074,255,128,128,37.5010577602087,-71.2178962554027,33.9721777957936,255,128,128,4024.10132109497,552.437685543889,1.3322984177066e-29,0,0,0,1493.36807309698,3606.93733523555,857.479661705964,0,0,0,-207.482417459181,902.648000843715,-6.74314490640346e-14,0,0,0,0.496273840799232,0.849030525723307,0.181271733395981,0.515462125717168,-0.456173063547436,0.725399843565523,0.698577892499839,-0.266558253452696,-0.664029837903939
-64.8516031856988,-18.5736799589772,7.46069872548105e-14,-38.0342786041565,68.193772544518,73.0528821321725,255,128,128,-27.3114739663971,-8.43703245490078,-46.7645204241464,255,128,128,2574.34405612864,941.825196040993,7.85354856753363e-29,0,0,0,6164.48437760224,3262.13621199854,7815.65897423763,0,0,0,2044.55114497014,-210.858667275733,7.14057574336443e-13,0,0,0,0.0610977964235244,0.495260388649748,0.86659344949445,0.937535511378984,-0.326380587131072,0.120427892314547,0.342482443601912,0.805104253981108,-0.484265336407621
48.6243555176852,47.6696745061288,-2.8421709430404e-14,35.4056097808493,40.1488200202976,33.6370087096163,255,128,128,54.4914185826289,12.2959590150761,36.7297470461541,255,128,128,4031.83701546509,1607.54193643379,1.47254035641256e-29,0,0,0,12414.8330061635,659.500854128257,176.105095188286,0,0,0,-6368.18495480676,1021.66924159354,-1.25138059186816e-15,0,0,0,0.984836353390596,0.128042360651934,0.117057724730122,-0.123891961170356,0.991402209930002,-0.042100357519517,-0.12144191614791,0.0269594514890071,0.992232356344892
9.12025772958111,11.5765633058965,1.44606548957427e-13,-78.7759364195642,-15.1813256110089,-89.291205213454,255,128,128,-29.9682099834836,-8.98693602031432,-47.7383731258375,255,128,128,22109.2062106789,67.1346958293908,1.09260036103234e-26,0,0,0,1202.91883863652,11183.361156291,8464.01851793859,0,0,0,288.192691993085,1.69361060722235,-1.54440141061741e-12,0,0,0,-0.0570340118035211,0.754675434993049,-0.653614648945116,0.799647127468013,0.426507650122621,0.422676822074543,-0.597755462567889,0.498554121640702,0.627799486114251
84.6727719688468,26.3507875041932,-1.06581410364015e-14,188.147942381331,99.579659933761,-32.4687589524011,255,128,128,60.3622429630225,62.391932556873,19.9018834239737,255,128,128,4355.29728751787,1962.31895615955,7.22245984335682e-29,0,0,0,9823.78549275002,4258.0280796414,2943.19465310834,0,0,0,6540.69449787892,-1910.13917207919,2.07732714484433e-13,0,0,0,0.870921088948744,0.483893195962762,-0.0856961593379711,-0.222952110342324,0.544475269380779,0.80860313969625,-0.437936996973582,0.685123387378998,-0.582080003734958
5.83222610220779,43.2574390858866,4.61852778244065e-14,-38.0342786041565,68.193772544518,73.0528821321725,255,128,128,25.1208544207097,38.9394822020617,96.5417836486808,255,128,128,2574.34405612864,941.825196040993,2.13167746833056e-28,0,0,0,4559.90808410853,1807.36650600313,967.155426874538,0,0,0,-2745.64380506921,540.087042603621,6.99946195771534e-14,0,0,0,0.836071042839454,-0.527362474277974,-0.151241634640602,0.260722112119068,0.139374782693949,0.955300293206899,0.482710256341753,0.838130950790166,-0.254022278058543
170.841501862652,-12.1050998500079,4.2632564145606e-14,133.541890026308,56.5919709882241,34.1694791407183,255,128,128,138.818529558921,36.6800827150033,11.0510992991554,255,128,128,15682.0071104157,1055.45805383592,8.69500019976937e-29,0,0,0,1479.9854045659,760.28731933817,9688.91685611835,0,0,0,812.576171449384,622.473814610303,-6.08091087961839e-13,0,0,0,-0.356677703784159,-0.20195310699091,0.912138124518418,0.0605010131630971,0.969312682578369,0.238269911652658,0.932266401319654,-0.140170845647176,0.33351385428653
8.02029516852789,174.396383805616,1.02140518265514e-14,2.57569724730451,115.000698421118,12.5817658960473,255,128,128,-146.740521677562,148.755638490942,6.45114592071894,255,128,128,19585.0735883892,15232.0634052233,1.60783000165796e-27,0,0,0,11233.5977206455,887.561020616685,32.6468798179964,0,0,0,1895.00660703,-2854.20110456681,-6.55288313041693e-14,0,0,0,0.970917413824193,-0.236790199926219,0.0353521817126273,0.219183131578766,0.93853515886378,0.266665540345701,-0.0963230520917336,-0.251161614892564,0.96314054677409
127.975836763887,-49.574122005412,-1.4210854715202e-14,-29.3737667208422,-181.248463813187,-170.968592105485,255,128,128,-52.7249835930305,-185.749638971636,-179.552589715565,255,128,128,13047.0109811111,3300.07890717517,2.96973689595759e-29,0,0,0,1067.36539994698,7594.30951649008,115.244526380507,0,0,0,-470.711348441351,3851.88400827516,-5.83269436008262e-14,0,0,0,-0.311609411494873,0.945126662961014,-0.0981588795168133,0.886380690870762,0.326344845012261,0.328372217133842,-0.342386982111309,-0.0153177378911306,0.939434149574417
134.990481383051,11.0358491265871,3.5527136788005e-14,240.933627794587,125.370190227275,-147.906070692209,255,128,128,123.525526930861,39.6488031929399,-157.430605043781,255,128,128,9198.75503699178,6398.88050595975,2.59447586606022e-29,0,0,0,14562.7404150604,15177.0138176886,406.34393155774,0,0,0,8743.91933697607,-8065.46410346135,-7.23533824403044e-14,0,0,0,0.697410788976412,0.713568774300047,-0.0666167828946039,0.589459564810981,-0.518265179274089,0.619627812000757,-0.407621899402065,0.471403021093337,0.782063666738155
28.4716069689066,66.3030146428661,1.06581410364015e-14,9.86597213469162,-56.8558170193712,-17.4204189171819,255,128,128,-36.8786869348171,-66.9483843637578,10.2252319408423,255,128,128,7063.84842161863,2331.843612177,4.06000412553747e-28,0,0,0,2347.9146426468,917.262357648568,8593.7332336975,0,0,0,3556.6427927695,675.045537232219,1.81476912665282e-12,0,0,0,-0.40919279383087,0.249964812353945,0.87754136658151,0.807823999891454,0.546407353759381,0.221041600059906,-0.424242433846803,0.799347606703447,-0.425513526202414
35.8724657244851,87.1272465875551,-3.73034936274053e-14,48.2595090612844,96.0741402382171,-161.994343655129,255,128,128,-14.9761358668427,106.715739951956,-80.1914746050874,255,128,128,12959.3213549226,3993.87006599719,1.47254035641256e-29,0,0,0,7509.12906548086,2914.12289183071,22246.6230064167,0,0,0,-7103.36468747873,289.153833369309,5.44110312954103e-13,0,0,0,-0.480779778522148,-0.261222496840611,0.837026649341914,-0.429985285987999,0.902173627717075,0.0345745467885241,0.764175018171893,0.343286400249369,0.546068666932848
-12.3450833388276,-62.5728769441174,1.06581410364015e-14,-45.6905189893564,-101.229399046064,-12.6607228245298,255,128,128,-59.2792378511443,-55.1730101078983,26.1402707792759,255,128,128,4602.71200846221,1990.63863058055,1.79509681543626e-28,0,0,0,114.69783463816,1087.60573984106,6132.12644250698,0,0,0,234.342280929262,1411.1049204084,6.67222407981008e-13,0,0,0,0.00224539311543569,0.231725380557369,0.972778652220175,-0.357244303216684,0.908773776482954,-0.215654193087305,0.934008279422074,0.347035403355988,-0.0848231264960414
-45.011635664982,44.4359708117604,4.88498130835069e-14,133.541890026308,56.591970988224,34.1694791407183,255,128,128,98.6684142757321,65.5687557829186,7.55614350827017,255,128,128,15682.0071104157,1055.45805383592,1.39014821742281e-28,0,0,0,726.550544640883,3531.77249190064,10625.1069346628,0,0,0,-2103.13053700016,288.457854292274,-7.3224174286402e-13,0,0,0,0.127760760241729,-0.494147600163322,0.859939147495499,0.976747251301712,0.213199114084433,-0.0226040887488012,-0.172168508203464,0.842831114166084,0.509895791095152
130.998806433331,-18.7674497630025,2.48689957516035e-14,104.402883728068,110.357673956206,-65.317713921506,255,128,128,86.1028316410047,48.5968302886491,-19.0192560180438,255,128,128,9336.48845415481,2174.49852217154,4.03896783473158e-28,0,0,0,1638.733027025,6080.5447226358,8292.68626120288,0,0,0,143.888450064718,-3467.4470905281,-1.80794887811673e-12,0,0,0,0.343526680894236,0.589137387596269,0.731373063525061,0.193733966021886,0.717561391129675,-0.669008819351043,0.918943181009153,-0.371514183438922,-0.132365560401829
52.520780407693,55.047039000213,1.95399252334028e-14,56.083637560036,83.9651201859542,32.1749073508039,255,128,128,21.6346146168101,166.062888872599,24.5487683734874,255,128,128,4816.35353868242,2123.04598705786,1.47254035641256e-29,0,0,0,806.878666321912,3711.03696732652,411.074844369661,0,0,0,1761.30509791743,-1804.29240015099,4.314814351908e-14,0,0,0,-0.417009276504549,0.908516924072403,0.0264624636640605,-0.246197233058524,-0.140935040785707,0.958918263833293,0.874922959890458,0.393362826094116,0.282445572285654
-125.82986619767,-32.3308709617525,2.1316282072803e-14,94.5623303141429,-2.3115034509016,118.372230160678,255,128,128,98.6684142757321,65.5687557829186,7.55614350827017,255,128,128,15682.0071104157,1055.45805383592,1.39014821742281e-28,0,0,0,726.550544640883,3531.77249190064,10625.1069346628,0,0,0,-2103.13053700016,288.457854292274,-7.3224174286402e-13,0,0,0,0.127760760241729,-0.494147600163322,0.859939147495499,0.976747251301712,0.213199114084433,-0.0226040887488012,-0.172168508203464,0.842831114166084,0.509895791095152
88.5725853630392,24.2554890999551,1.77635683940025e-14,-71.8664197140404,-38.5099855692987,-44.2871336259549,255,128,128,-50.3938766632834,-49.4290414750202,-67.3083536642665,255,128,128,4602.71200846221,1990.63863058054,1.56369761657143e-28,0,0,0,254.799085559331,1491.26121740377,3182.930175055,0,0,0,-1079.40503567945,1690.86971098051,-4.42030794882653e-14,0,0,0,-0.110183672010562,-0.537967141485029,0.835733757308328,0.672010139707542,-0.659851475149143,-0.336152350689014,0.732299071795478,0.524583058653181,0.43422423242094
-11.8921164607686,43.794860204718,-1.24344978758018e-14,-11.8716940797736,-3.55682715486763,-62.4782599247345,255,128,128,27.5750295037218,4.89950485679965,-23.1177170749721,255,128,128,10460.3414134706,965.521753447564,2.11064117752466e-28,0,0,0,1772.02862912947,243.236237739695,14151.2283802671,0,0,0,3448.17372550699,-221.971438264654,7.31700200576173e-13,0,0,0,0.302692168096904,-0.0974953102798118,0.948088664548965,0.859807615794326,0.457138460026095,-0.227497894906849,-0.411227814228164,0.884035685274307,0.222199441868591
45.5428550365241,-57.7218075901385,2.1316282072803e-14,42.7528346732575,-159.454108520135,-81.8588508863229,255,128,128,0.0243038534256167,-41.1923854500815,-36.4732038912104,255,128,128,4816.35353868242,2123.04598705786,1.47254035641256e-29,0,0,0,4909.13947311505,9899.26272590987,2437.85412436644,0,0,0,4859.25212456382,4565.79529854455,-9.57444305939376e-14,0,0,0,0.184779990210398,0.878986295814337,0.439590089729553,0.965776100547131,-0.245250323081143,0.08443223697482,-0.182024390755257,-0.408944214776522,0.894221309503968
21.3769184954487,80.5268419612562,-2.65065747129256e-15,-98.9272281650341,-81.3406332580868,-194.689081516746,255,128,128,-124.176780080881,-90.5219973112003,-174.006294557883,255,128,128,13047.0109811111,3300.07890717517,2.96973689595759e-29,0,0,0,8012.58988113852,4988.39763440307,249.451439938435,0,0,0,10200.8113252485,904.329483904212,-7.9699032266072e-14,0,0,0,0.787204254604858,-0.613249011435571,-0.0650777343283034,-0.430959389809206,-0.6225284170742,0.653247559712524,0.441116159154578,0.486193397639648,0.75434243830261
