1,1,1,1,1,1,0,0,0,1,1,1,81.2663826342767,10.6375665189421,77.9761567951005,20.2678587048969,28.300522506216,1.4210854715202e-14,239.175978084967,106.276679301317,20.2678587048969,98.3087824642662,29.7733780406346,76.105565807862,0.727858331360881,0.810627360316692,0,0.0057261645800786,0.149526096786439,0.142446575290983,6.31611429824375e-11,0.845546945585427,0.869661837657979,0.918382853105269,0.86169738169389,1.55431223447522e-15,9.99200722162641e-16,0.643691147129067,0.127024454456483,0.217738723490186
1,1,1,1,1,1,0,0,0,1,1,1,157.578532588678,151.863270511369,41.9768986935406,2.54577659353153,29.2942889502571,1.13242748511766e-14,151.3164056323,12.6826097432834,2.54577659353152,124.267378884789,88.6522673499845,86.8954824805468,0.911913526934493,0.258787949236518,0,1.07863872204536,0.000424191092776681,0.515727042536343,3.46170869747198e-11,0.895606489417122,0.797365166696472,2.22044604925031e-15,0.858872193393336,1.11022302462516e-15,6.66133814775094e-16,0.0946522416164133,0.211430852676494,0.655584533885992
1,1,1,1,1,1,1.5,1.5,1.5,1,1,1,92.3237248998084,62.0038388019431,50.9988772826071,45.588470791547,6.88273221276566,7.105427357601e-15,125.155471638149,44.1161450698415,45.588470791547,111.637808582655,12.0394999739853,92.1945833451037,0.150418478945044,0.886048729259598,0,0.0224682855995333,1.55259420018472,0.662047593964362,1.22626131471293e-10,0.877285558062648,0,0,1.11022302462516e-16,2.22044604925031e-16,0,0.781598777575934,1.23671865699437,0.813595145903255
1,1,1,1,1,1,0,0,0,1,1,1,179.981297734484,21.9080389697935,7.64138731332398,178.479451373582,35.8315892479611,9.15933995315754e-15,180.700934354646,28.1902019346371,178.479451373582,139.609241479373,5.67742213070847,126.534987489148,0.881749398922189,0.546010288316316,0,1.95814396420024,0.571769519533649,0.350989849990468,4.23140411598411e-11,0.632335141717545,0.521530130788602,4.44089209850063e-16,0.943523223413146,6.66133814775094e-16,3.33066907387547e-16,0.699782384741463,0.260976431411838,0.200236366075258
1,1,1,1,1,1,0,0,0,1,1,1,12.9983777554032,5.72934110090516,10.387436647683,5.31353316654861,63.5470035420131,5.6843418860808e-14,80.5028197266079,73.9344401896961,5.31353316654866,113.866424378172,111.552848645606,11.8975618560236,0.143804189993364,0.504838869158306,0,0.747033415894905,1.99092597620432,0.000326188915547696,8.81246298156668e-10,0.15856664249762,0.88853559468198,0.531686020599912,0.682068352021494,1.88737914186277e-15,1.11022302462516e-15,0.234171557913617,0.225021996436195,0.760854099014676
1,1,1,1,1,1,0,0,0,1,1,1,111.012131008098,88.1286278639299,64.1628951214814,20.9800160011836,46.0755522025622,9.32587340685131e-15,137.463990122395,110.238447324044,20.9800160011836,97.30626816314,54.1027034064833,61.3757912568961,0.182858294586738,0.147159485009246,0,1.21859783022368,0.00721377396807277,1.58586940169793,3.07212033590076e-11,0.377710570111827,0,0.0212301393060897,0,1.11022302462516e-15,0,0.309735826443573,0.855687459914696,1.2864265379814
1,1,1,1,1,1,0,0,0,1,1,1,74.8666138154611,12.2239833733406,41.8691187909138,60.8486728397097,79.8380276233939,1.4210854715202e-14,139.578657649034,121.707146414308,60.8486728397097,189.662983667502,128.353421714986,139.099024819343,0.743239512325103,0.799523276933669,0,0.000454121763553798,0.968296038660853,3.09536217626184e-05,5.7022719879285e-11,0.90192860696362,0.817414109487089,0.890543372003768,0.800307628702634,1.22124532708767e-15,6.66133814775094e-16,0.109344305917357,0.186250002645281,1.06681273018573
1,1,1,1,1,1,0,0,0,1,1,1,82.3824670958257,21.114543334982,8.62863168341453,79.1618194575007,41.1110568379925,3.90798504668055e-14,134.323259594649,32.4824251545779,79.1618194575007,91.1689753572506,44.5974000500467,60.5832629204358,0.685057793634582,0.91372440476783,0,1.54346710632284,0.529110294182641,1.7924917632113,1.54691814913122e-11,0.372146053374107,2.22044604925031e-16,1.11022302462516e-16,0.961046695350077,4.44089209850063e-16,2.22044604925031e-16,0.0350299660760995,1.59424998995322,0.844444562053761
1,1,1,1,1,1,0,0,0,1,1,1,129.313111221401,59.7884877069104,82.949525686752,79.1618194575007,50.4671005321741,3.01980662698043e-14,134.323259594649,32.4824251545779,79.1618194575007,76.8044295125818,26.7060410265417,34.153408167722,0.727427391159195,0.535292582827635,0,0.501326194761063,1.37175956074237,0.334238461850773,3.15499848468903e-11,0.642974294629057,0.958040800524555,0.94993890743569,0.93609199139558,3.77475828372553e-15,2.77555756156289e-15,0.631809389622453,0.104614394980808,0.149008255605864
1,1,1,1,1,1,0,0,0,1,1,1,186.412922812397,81.7375755129762,33.2327554200658,164.208192572451,85.5661067989856,2.37587727269783e-14,187.574061211395,52.3333513789198,164.208192572451,88.3156051620697,7.5387233087126,85.4271171863744,0.676044972435758,0.667693675754075,0,0.0492767578186862,0.00586942898997358,1.89800698118638,1.04843911330477e-10,0.68321291240273,0.912550363720919,5.55111512312578e-16,0.836024810461983,1.77635683940025e-15,1.33226762955019e-15,0.410121712721001,0.0396509066731954,0.382194651132717
1,1,1,1,1,1,0,0,0,1,1,1,130.812297863809,15.3611440308132,127.783469832415,23.3939599910494,2.62561351688014,7.105427357601e-15,133.94651903182,125.157856315535,23.3939599910494,85.1137144276425,4.83055123282,40.682410338258,0.414883951974172,0.00916609712424932,0,0.0237027636746726,1.30251078270775,0.686574987133705,5.72020208977619e-12,0.162533260682981,0.820665198731117,0.0455216821108733,2.22044604925031e-16,1.88737914186277e-15,7.7715611723761e-16,0.50770588785068,1.62665327390627,0.126034577521926
1,1,1,1,1,1,1.5,1.5,1.5,1,1,1,229.73069108486,74.0426337336287,216.713895603571,18.1374272828223,125.533195037711,7.105427357601e-15,137.555861547987,91.18070056586,18.1374272828223,73.9955358556869,58.0763590262041,38.389752331531,0.895890070549938,0.602819394952483,0,1.74575933082908,1.54660016241971,0.521016154702519,1.57777901854672e-10,0.950361722563612,0.604932482691827,2.22044604925031e-16,0.7122140385006,7.7715611723761e-16,4.44089209850063e-16,0.721402940221141,0.27426667369718,0.184312866443564
1,1,1,1,1,1,0,0,0,1,1,1,194.082075803923,10.6718855323174,27.116265115729,191.881919871879,55.1730504948878,4.9737991503207e-14,208.911297338455,82.2893156106167,191.881919871879,223.287059831048,120.153976102422,184.936611709495,0.0642717338182202,0.764983932348956,0,1.75233783796849,1.552059152228,0.801518998608051,4.79003503528475e-10,0.189280230882378,0.299081369964981,0.0573817837896523,0,1.22124532708767e-15,2.22044604925031e-16,0.106858575399734,1.46943223568107,0.709773412849902
1,1,1,1,1,1,0,0,0,1,1,1,124.206396414309,97.4312879800813,33.5848434815084,69.3284308281496,1.36430655725921,3.00870439673417e-14,77.7045385529003,32.2205369242492,69.3284308281496,122.466179504931,33.9478898817904,41.9390721083176,0.599658072144525,0.920161654301741,0,1.57578856132409,1.69351704430516,1.03765504437089,3.9532932483155e-11,0.659401551454577,0.902015980360948,0.238478274625253,0.473833373155964,1.77635683940025e-15,1.22124532708767e-15,0.609041974072706,0.0547479597946708,0.178499264432062
1,1,1,1,1,1,0,0,0,1,1,1,201.774580373566,150.172915061547,133.800765273068,16.0758228152522,90.4336771441941,2.8421709430404e-14,132.992196989214,43.3670881288742,16.0758228152522,147.680858645378,66.5098909858476,3.86415713077798,0.0534301317022805,0.422158939086653,0,1.89227995844329,1.47416629127618,0.499902063748851,1.43211553726985e-10,0.69447137490317,0,0.047731578702312,0,5.55111512312578e-16,0,0.427251251125401,0.911005405118199,1.19437762377564
1,1,1,1,1,1,0,0,0,1,1,1,130.853805235238,54.6891958731945,116.552704109437,23.3939599910494,8.60515220609741,0,133.94651903182,125.157856315535,23.3939599910494,85.1137144276425,4.83055123282,40.682410338258,0.414883951974172,0.00916609712424932,0,1.30071121592489,0.0232959913723666,0.0375417500398387,6.49980069766798e-12,0.162533260682981,0.820665198731118,0.0455216821108734,2.22044604925031e-16,1.88737914186277e-15,7.7715611723761e-16,0.50770588785068,1.62665327390627,0.126034577521901
1,1,1,1,1,1,0,0,0,1,1,1,240.473601245545,122.744984775799,8.81380378733921,206.599947897352,38.0934431294237,2.1316282072803e-14,208.835453088424,29.2796393420845,206.599947897352,97.6555033731479,25.9609699856332,29.3515780845405,0.36558495076614,0.832533141388414,0,0.775834195411741,0.0980270165069296,0.714402709817611,3.19267945414481e-11,0.269383109326989,0.61352309324656,2.22044604925031e-16,0.847047199004919,6.66133814775094e-16,4.44089209850063e-16,0.17647331468602,0.115117204336024,0.806140357934598
1,1,1,1,1,1,0,0,0,1,1,1,29.7661792340112,3.59008438340228,6.33396241446258,28.8620449802765,59.9985061737232,9.45077349712165e-15,73.1369007434514,66.3324685881858,28.8620449802765,29.2425641071993,11.6159701161008,5.65912836311411,0.463828352341604,0.243328150895544,0,1.98740371651706,0.670101999036826,1.27019799017222,1.02498010079444e-11,0.460595671218024,0,0.100281103848368,0,1.4432899320127e-15,2.22044604925031e-16,0.185365393078839,0.739243665396856,0.0836762624149573
1,1,1,1,1,1,0,0,0,1,1,1,60.1160601909066,53.9552594849771,13.5490485706969,22.7858278237676,77.0588035669448,1.50990331349021e-14,98.6221149378079,63.5097549962478,22.7858278237676,119.124927559607,86.5507002087858,60.5495671233005,0.0374247987702861,0.812855491320023,0,0.518444968605564,1.48300093591496,0.192160709365405,4.4690240397216e-10,0.752804939274218,0,0,0,3.33066907387547e-16,0,0.848776741608324,0.840835720344237,1.17893374567194
1,1,1,1,1,1,0,0,0,1,1,1,123.418343826234,80.3650255737273,64.4156196570831,68.0013102928082,5.97953868921714,1.77635683940025e-14,158.147277567916,70.3951583463003,68.0013102928082,85.1137144276426,4.83055123281999,40.682410338258,0.414883951974172,0.00916609712424932,0,0.0737121411322024,1.29283640776318,1.40532609262501,6.49980069766798e-12,0.162533260682981,0.820665198731117,0.0455216821108734,2.22044604925031e-16,1.88737914186277e-15,7.7715611723761e-16,0.50770588785068,1.62665327390627,0.126034577521918
1,1,1,1,1,1,0,0,0,1,1,1,127.276951986497,121.352549103409,22.5067219777964,31.0874379596011,3.89777141243986,3.84137166520304e-14,117.108342109817,26.4044933902362,31.0874379596011,68.9057173647837,36.2890139001807,43.0006696037056,0.85337279138958,0.00260759924771015,0,1.92009808534634,0.497671067802949,0.48342745887369,2.32764918450812e-11,0.64253094981214,0.982793239662554,0.00373708005389883,0.633233670184945,1.0325074129014e-14,6.55031584528842e-15,0.599037278198245,0.201421750798489,0.0311600917592009
1,1,1,1,1,1,0,0,0,1,1,1,117.802641502522,16.9423280258908,113.59836426113,26.188384891598,78.8174738623566,7.105427357601e-15,60.0294722636851,34.7808903987733,26.188384891598,144.022998270601,50.659314701244,55.5063435170518,0.685423632057631,0.628202197426058,0,0.785312237617688,1.15085080696622,1.3259156026949,2.03767891449047e-10,0.66211136118944,0.944605190540592,0.749689966928506,0.964527849350865,2.99760216648792e-15,2.1094237467878e-15,0.645182103428424,0.03797343478405,0.142294428885073
1,1,1,1,1,1,0,0,0,1,1,1,158.308812882899,138.95528324599,75.8132308362575,2.33741835958392,36.9047214669568,7.105427357601e-15,133.934283818597,112.717952303214,2.33741835958392,83.9642196359283,69.0557853421559,20.041819725756,0.175122441514486,0.14198389985655,0,1.41974272311144,0.265561729425393,0.391740200370501,1.2408629679328e-10,0.466242649670179,0.765315265496049,0.0147153383245333,0,2.16493489801906e-14,5.55111512312578e-16,0.117833054169198,0.842907534946667,0.166232051033649
0.963414634146341,0.963613550815558,0.8,0,0,0,0,0,0,0,0,0,114.339196791778,108.190186381027,20.3070720645921,30.9185756138793,62.9510968633118,2.1316282072803e-14,124.870653370785,42.6440247987197,30.9185756138792,68.9491195062076,7.21697970309239,38.3286781944353,0.551852009270756,0.937916312073221,0,1.86554143572899,0.422627944724641,1.59361115064139,1.43874023805779e-10,0.686534429214458,0.687254177194389,6.66133814775094e-16,0.912700980300398,7.7715611723761e-16,4.44089209850063e-16,0.643168981992629,0.163335751707586,0.31582941207465
1,1,1,1,1,1,0,0,0,1,1,1,104.34215005859,90.5678660180769,48.8450730788299,17.2888623022113,1.62078428297586,2.8421709430404e-14,173.651102073611,50.4658573618057,17.2888623022112,53.8746843720986,20.2215484530121,26.6352513211929,0.523497042600847,0.0282641389141133,0,0.00812770426337114,1.96020616692469,1.99782198513968,2.39566144699666e-11,0.220655678229223,0.973377516963774,0.0803469975494976,1.11022302462516e-16,1.0991207943789e-14,4.32986979603811e-15,0.334131902138839,0.496776305970993,0.0149957609754602
1,1,1,1,1,1,1.5,1.5,1.5,1,1,1,174.101136733396,171.63782765215,16.0042286390148,24.4034136214916,52.8661777915345,3.5527136788005e-15,227.457745439252,36.8619491525197,24.4034136214916,138.284080843864,29.1989533181064,2.3661904163133,0.849652232890344,0.301610017703871,0,0.109392554766673,1.32999062479154,1.45218089427775,1.30342403537043e-11,0.539328263376539,1.11022302462516e-16,3.33066907387547e-16,2.22044604925031e-16,5.55111512312578e-16,1.11022302462516e-16,0.262164026520823,1.42606170208703,0.303464114717226
1,1,1,1,1,1,1.5,1.5,1.5,1,1,1,164.914430835472,115.77616916507,41.1715763727094,109.988860573401,48.8378030493127,0,131.701840095016,7.66622667660336,109.988860573401,87.2063369526734,11.4329771532004,68.5179041088478,0.970789338400173,0.612901079089136,0,1.78473818337365,0.710517394349642,0.492824652551224,9.09194941556279e-12,0.585108290825521,1.11022302462516e-16,1.11022302462516e-16,0.961227371785959,4.44089209850063e-16,1.11022302462516e-16,0.200954475898748,1.63153609748644,0.884547503037587
1,1,1,1,1,1,0,0,0,1,1,1,203.240415758392,22.0755222102525,98.2981487216933,176.512922684648,35.5801765077856,3.5527136788005e-14,189.912800655209,62.7179722139077,176.512922684648,140.166035441763,26.5422190225934,135.56463636674,0.74995889218711,0.0776533577020847,0,1.99421363722927,1.25504107032582,0.481041094610405,3.2819968964759e-11,0.727563007833549,0.751657283495705,0.0612763388097485,1.11022302462516e-16,1.77635683940025e-15,5.55111512312578e-16,0.276926856324568,0.418715051137459,0.702822204392639
1,1,1,1,1,1,0,0,0,1,1,1,10.0017589910789,6.72403685956887,0.738931444693634,7.36725807521564,54.4574275895565,2.99760216648792e-15,61.6861540785066,53.7184961448629,7.36725807521564,34.1773322040641,8.08280046455396,19.3010947525211,0.599063549849145,0.855122484058516,0,0.128728167880912,0.087790627813995,0.635126568157252,8.64480709239501e-11,0.940336553686754,2.22044604925031e-16,3.33066907387547e-16,0.742117897123948,5.55111512312578e-16,2.22044604925031e-16,0.471845943392449,0.305461084068749,1.36973580163147
1,1,1,1,1,1,0,0,0,1,1,1,154.239837795503,129.260720214572,9.12401806518001,83.6561179301276,93.4696337429397,3.33066907387547e-14,194.681531195145,102.59365180812,83.6561179301275,107.640259033474,44.0685077821375,57.2456903959688,0.330733754100965,0.528321612285976,0,1.80409725320199,0.080572962358139,0.701570263460172,4.14605016985092e-11,0.701286098405175,0.568237958611428,0.189932021052661,1.11022302462516e-16,1.33226762955019e-15,3.33066907387547e-16,0.061304394673421,1.10290228746053,0.210770683670916
1,1,1,1,1,1,0,0,0,1,1,1,117.563860115156,102.368725287042,57.2635589697985,7.92402059527765,34.6010456262293,4.30211422042248e-14,132.279560895603,22.6625133435692,7.92402059527769,172.356707127178,55.1608706312008,7.79157851048798,0.230653389807955,0.308281696939055,0,1.92498138984634,1.88592336773519,0.416582588443049,1.73956737903325e-10,0.726353389542257,2.22044604925031e-16,2.22044604925031e-16,1.11022302462516e-16,4.44089209850063e-16,2.22044604925031e-16,0.610284122010192,0.498037925156685,1.36267228204548
1,1,1,1,1,1,0,0,0,1,1,1,24.3851707539468,3.65108800233985,8.09077408410935,22.712232030741,0.805449859837431,2.04281036531029e-14,113.50074190008,7.28532422427192,22.712232030741,94.9262911689825,77.6144812710357,31.6995216286249,0.999243036286534,0.0203412068274355,0,0.312755360678703,0.953252100708782,1.99750992684784,1.26504362540913e-11,0.703214227690877,0.828080621574667,0.0374932165606752,0.53874450202968,1.4432899320127e-15,7.7715611723761e-16,0.297261828203653,0.252584522727038,0.297325847703196
1,1,1,1,1,1,0,0,0,1,1,1,93.7744806857085,43.3571222554726,37.2268628409168,74.3503453967894,76.189971864912,2.1316282072803e-14,179.615015151628,113.416834705829,74.3503453967894,65.4136909075972,51.6093632473748,40.1338020818236,0.717660388766054,0.524185216557839,0,0.208064543210821,0.991815713094299,0.334682430107984,3.91431331792091e-11,0.882431954684997,0.454449612593606,0.655799399361564,2.22044604925031e-16,8.88178419700125e-16,3.33066907387547e-16,0.0715935677289012,1.57019257571808,0.467530305470716
1,1,1,1,1,1,0,0,0,1,1,1,102.431143249837,58.0455130735874,80.3496180338444,25.8224011530278,66.8909221990353,2.04281036531029e-14,29.1376421200878,13.4586958348091,25.8224011530278,86.281774712895,73.9528326273203,2.73035488621848,0.255797219894454,0.842081142831602,0,0.198193161612695,1.93435507946827,1.61334076067882,1.70636615948183e-10,0.861145854021178,1.11022302462516e-16,0.383674929648409,0,5.55111512312578e-16,1.11022302462516e-16,0.259931443054262,1.27166772131942,0.73227372798039
1,1,1,1,1,1,0,0,0,1,1,1,90.0657718384687,23.8660879250395,76.7232385649636,40.6914950341846,6.10363650577216,3.5527136788005e-14,123.160862987651,70.6196020591915,40.6914950341846,60.6284324057411,24.8520214084181,23.840329470419,0.563546111300036,0.0071425600162649,0,2.62684165961474e-05,1.2676602409808,0.611454494265689,4.06974454136844e-12,0.537315903876753,1.11022302462516e-16,4.44089209850063e-16,1.11022302462516e-16,4.44089209850063e-16,1.11022302462516e-16,0.461988758200329,0.585030648828031,1.16160803645891
1,1,1,1,1,1,0,0,0,1,1,1,107.47668438137,59.5969516059514,84.9491979661048,27.983473869519,0.978339437640231,1.7430501486615e-14,189.59176153854,85.927537403745,27.983473869519,113.963375201612,23.1466769329022,5.62586704658799,0.835062578463143,0.0213511577683418,0,0.343026996971195,1.8781326212879,0.726750507627306,4.01667588079135e-12,0.370435901012626,0,0.088769896507806,2.22044604925031e-16,5.55111512312578e-16,2.22044604925031e-16,0.246423535048616,1.39985707226784,0.803124943966657
1,1,1,1,1,1,0,0,0,1,1,1,198.359988899516,188.775811832753,28.303178969348,53.9380025893662,22.6938189099148,2.48689957516035e-14,200.694831643691,50.9969978792628,53.9380025893662,161.211676429355,35.9293536933961,72.2670840048394,0.551073293744661,0.0563814483856904,0,0.123976066276055,0.901130879367869,0.0964139746946165,3.90055765464581e-11,0.726580456551302,2.22044604925031e-16,6.66133814775094e-16,1.11022302462516e-16,5.55111512312578e-16,2.22044604925031e-16,0.536091213113541,1.51851943541431,0.637988288922122
1,1,1,1,1,1,0,0,0,1,1,1,86.2054256657609,41.1401447831873,63.8988742726846,40.6914950341846,6.72072778650691,3.90798504668055e-14,123.160862987651,70.6196020591915,40.6914950341846,60.6284324057411,24.8520214084181,23.840329470419,0.563546111300036,0.0071425600162649,0,0.0126226568192992,0.57653440948198,0.00780580271179976,4.06974454136844e-12,0.537315903876753,1.11022302462516e-16,4.44089209850063e-16,1.11022302462516e-16,4.44089209850063e-16,1.11022302462516e-16,0.461988758200329,0.585030648828031,1.16160803645891
1,1,1,1,1,1,0,0,0,1,1,1,116.776356590301,66.2072665732749,78.6038729796101,55.4503964278509,83.8727299104119,3.19744231092045e-14,191.396723075403,162.476602890022,55.4503964278508,40.8189639224505,30.2056287860145,5.79302012332612,0.545434399636293,0.570534297549452,0,1.57496782903958,0.0472952885769151,0.24707034754632,1.20510712520172e-10,0.927987782215134,0.568693688667996,0.318853411116481,2.22044604925031e-16,1.66533453693773e-15,3.33066907387547e-16,0.230969582936018,0.634762838767523,0.0851850523959655
1,1,1,1,1,1,0,0,0,1,1,1,66.5598089476232,14.5238307191573,38.1111757973483,52.6004257371456,8.67267595154471,1.77635683940025e-14,81.687507716709,46.783851748893,52.6004257371456,133.011698861993,92.76286784171,58.2865434172569,0.850763256896923,0.0856176814583018,0,0.561643497837547,1.40193161805606,1.86765483719452,3.45756756559013e-12,0.562828213154316,2.22044604925031e-16,1.11022302462516e-16,0.718585928024429,3.33066907387547e-16,2.22044604925031e-16,0.258794255331319,1.3267921027517,0.559499474176948
1,1,1,1,1,1,0,0,0,1,1,1,77.9593348170715,7.71998190760432,57.019777066712,52.6004257371456,10.235925317819,1.68753899743024e-14,81.687507716709,46.783851748893,52.6004257371456,133.011698861993,92.76286784171,58.2865434172569,0.850763256896923,0.0856176814583018,0,1.99756291354505,0.00604098116174184,0.97805390908354,3.45756756559013e-12,0.562828213154316,2.22044604925031e-16,1.11022302462516e-16,0.718585928024429,3.33066907387547e-16,2.22044604925031e-16,0.258794255331319,1.3267921027517,0.559499474176948
0.988095238095238,0.801872074882995,0.984615384615385,0,0,0,0,0,0,0,0,0,148.342737130121,100.864689445992,83.0791061016136,70.2121372098625,34.7564759446944,2.30926389122033e-14,129.672875232607,48.3226301569192,70.2121372098625,116.16565215575,9.73070410379017,113.105465349075,0.523284624556096,0.111221529185869,0,1.9458031333832,1.29348228444904,1.06240229381488,2.81825673908997e-11,0.369712427548498,0.96647138724622,0.323586598576094,0.732863416622826,5.21804821573824e-15,3.44169137633799e-15,0.589387113381062,0.159922047714382,0.117124216868776
1,1,1,1,1,1,0,0,0,1,1,1,89.598738855616,70.2499920882772,49.2552151026261,25.8224011530278,62.7139109374352,1.4210854715202e-14,29.1376421200878,13.4586958348091,25.8224011530278,144.118791174279,80.0183173959279,7.10679838866434,0.960596400533206,0.452383228180291,0,1.83485125044199,1.88205811517596,0.000602245164436622,6.99694746586488e-11,0.661862392881031,0.792320925969421,0.628351447114989,3.33066907387547e-16,1.55431223447522e-15,6.66133814775094e-16,0.441018190547189,0.492760380377171,0.143445185116727
1,1,1,1,1,1,0,0,0,1,1,1,108.194649623912,93.7724018241201,29.9778645440061,44.8792435403949,71.0839960855916,4.44089209850063e-15,77.0495336145267,41.1061315415855,44.8792435403949,156.132748654006,17.1876981518999,153.097761912325,0.674922818534408,0.703868591407417,0,1.99240562629796,0.444803300273629,1.72417349349915,4.27250457235573e-11,0.81540617537126,1.11022302462516e-16,2.22044604925031e-16,2.22044604925031e-16,5.55111512312578e-16,1.11022302462516e-16,0.460938049977899,1.58734014138143,0.718659009348883
1,1,1,1,1,1,0,0,0,1,1,1,176.512659958869,47.4478570023926,170.015345143829,0.449896944197405,20.4352852208861,2.8421709430404e-14,202.500172903693,190.450630364716,0.449896944197434,75.0494614412769,36.7647738161765,30.7369611960958,0.962557004933808,0.237208678263918,0,0.01243938941161,0.675766088294651,0.291709398776805,4.72580863331018e-11,0.598121430847624,0.96007650131633,0.265965269649392,2.22044604925031e-16,7.21644966006352e-15,2.88657986402541e-15,0.391694099148303,1.63517199012179,0.236731220496824
1,1,1,1,1,1,0,0,0,1,1,1,70.7702746526554,56.8242178063859,2.78988226846127,42.0910513296214,52.3604649669714,4.2632564145606e-14,82.7160134186507,55.1503472354327,42.0910513296214,87.0714101675183,73.7831875243988,45.8878534514759,0.319636011542084,0.928716864761619,0,0.00883288481922278,1.90992002254132,1.87992416435213,4.54873028132852e-10,0.529327790669381,0.932839175200831,0.379997075225211,1.11022302462516e-16,5.44009282066327e-15,1.77635683940025e-15,0.2993865430903,1.46232319339368,0.0291763557785721
1,1,1,1,1,1,0,0,0,1,1,1,172.0343267102,128.617367674365,108.184741908775,36.7347780350011,71.060748702584,1.06581410364015e-14,185.132471409849,37.1239932061914,36.7347780350011,108.139865171512,89.3570314304928,60.8308540215731,0.696678938996632,0.472920594578008,0,0.499989475162952,1.99974783093476,0.190775722558688,2.13793427406017e-11,0.496031481954588,0.712050570249254,0.639377022475014,0.748982571206652,9.99200722162641e-16,4.44089209850063e-16,0.276959426500606,0.195701337261752,1.44777940644363
1,1,1,1,1,1,0,0,0,1,1,1,107.483535002631,9.02192900070421,9.37981872061819,106.692708722463,5.33061512270441,3.5527136788005e-15,115.168607247838,14.7104338433226,106.692708722463,49.1583218845174,15.1194111699366,29.8320330011281,0.432468718629142,0.0108361122542404,0,1.67973087473709,0.307797047682538,1.61003066904761,2.70239386424009e-12,0.0881711234077487,2.22044604925031e-16,2.22044604925031e-16,2.22044604925031e-16,4.44089209850063e-16,2.22044604925031e-16,0.500616279369804,0.733860591015014,1.02835319567061
0.988095238095238,0.801872074882995,0.984615384615385,0,0,0,0,0,0,0,0,0,193.986927687372,9.54002379313531,190.798606171573,33.7017498447324,15.8360776884328,6.3948846218409e-14,211.408773414902,206.634683860006,33.7017498447325,214.103219817655,209.487130950855,12.9351987578742,0.813173834934031,0.495691421270592,0,0.0382537112245837,0.947349659156399,0.165907516733413,3.09759440320079e-10,0.825584500600149,0.974758445400351,0.876586896205224,0.971987928184071,4.9960036108132e-15,4.55191440096314e-15,0.206197110734489,0.0387532610751475,1.29591223255602
1,1,1,1,1,1,0,0,0,1,1,1,112.502949234703,28.224217770901,21.8397120674828,106.692708722463,7.12927822416017,2.22044604925031e-15,115.168607247838,14.7104338433226,106.692708722463,49.1583218845174,15.1194111699366,29.8320330011281,0.432468718629142,0.0108361122542404,0,1.94494084482923,1.27108388278062,1.36848682801865,2.70239386424009e-12,0.0881711234077487,2.22044604925031e-16,2.22044604925031e-16,2.22044604925031e-16,4.44089209850063e-16,2.22044604925031e-16,0.500616279369804,0.733860591015014,1.02835319567061
1,1,1,1,1,1,0,0,0,1,1,1,147.704720505892,13.8094438501434,141.833675999648,38.8483213627077,93.0796456453342,2.1316282072803e-14,62.395700516245,48.7540303543136,38.8483213627077,121.400904470524,91.6060097204874,19.7965225593209,0.3876019888385,0.587878958255205,0,0.710010984185562,1.98524346696644,0.396487935942941,6.93006763086146e-11,0.981699740181933,1.11022302462516e-16,0.291326988289381,0,8.88178419700125e-16,1.11022302462516e-16,0.0557094279325762,0.598693140046127,1.33362371379263
0.988095238095238,0.801872074882995,0.984615384615385,0,0,0,0,0,0,0,0,0,201.101140323787,95.6026609015441,52.8965736357312,168.83054334353,38.4625844185049,1.77635683940025e-15,222.222581122548,91.3591580542361,168.83054334353,151.600347989999,55.4351638155151,133.4325438908,0.282047190997954,0.991302049663763,0,1.89261930199436,0.174704903498547,0.384837508027286,3.76563225046311e-11,0.257760777397663,0.984047934370304,1.22124532708767e-15,0.918438341361322,7.54951656745106e-15,7.105427357601e-15,0.60582359867453,0.00852896113478008,0.193772359883341
1,1,1,1,1,1,0,0,0,1,1,1,76.5670494220699,3.43349805784648,72.2382902685237,25.1466412741141,54.0459492544572,3.73034936274053e-14,43.7226216915415,18.1923410140664,25.1466412741142,65.0690138163452,17.0881660886615,59.4990814389581,0.2615734112438,0.613395908353422,0,0.308972905248284,1.20892197095231,0.451320872503993,9.16315912036225e-11,0.577071755526337,0.571028308291289,0.174146859379381,1.11022302462516e-16,1.33226762955019e-15,3.33066907387547e-16,0.442753773966207,0.489026640433242,0.134544659068275
1,1,1,1,1,1,0,0,0,1,1,1,86.8509661494304,78.3606369952197,21.0663048833143,30.9662992518666,55.7636045643636,1.06581410364015e-14,107.904314435648,34.6972996810493,30.9662992518666,160.020928250068,2.90082257007443,67.0365253957886,0.33196706824196,0.600046598450164,0,1.63392305692608,0.705960010964817,1.97526360735683,9.99993421402223e-11,0.750655988400574,0.512346084688152,0.210097598167044,2.22044604925031e-16,1.33226762955019e-15,3.33066907387547e-16,0.426493759989709,0.519893571524932,0.173125555930842
1,1,1,1,1,1,0,0,0,1,1,1,123.146445528085,2.74080765948063,73.4803293725302,98.7834814879479,1.79866310145576,5.32907051820075e-15,128.945472933709,71.6816662710744,98.7834814879479,80.3978400077185,14.7553464335048,0.929388430853583,0.14367649984275,0.0333551629753372,0,1.4572031728202,1.26224080253511,1.75450970356645,2.83428835956556e-12,0.0699525608849846,0.646088904001602,5.55111512312578e-16,0.949396436146295,6.66133814775094e-16,4.44089209850063e-16,0.312263241032391,0.0808557332633218,1.43933367944854
1,1,1,1,1,1,0,0,0,1,1,1,166.631004606848,86.1993109542393,96.01685007571,105.434031454937,50.5960553353448,1.4210854715202e-14,212.157739751675,146.612905411055,105.434031454937,169.546526582641,166.976975552531,5.96197409612572,0.855647117320372,0.452623888391708,0,0.0622002667144655,1.59771466610714,0.837199815575184,1.09654729740782e-10,0.686672176736224,0.621820564115427,3.33066907387547e-16,0.942512293480782,6.66133814775094e-16,4.44089209850063e-16,0.0166348005890057,0.0423358045117358,0.934667931827705
1,1,1,1,1,1,0,0,0,1,1,1,153.766696981605,79.2239954113454,131.313728124966,11.1561847250038,52.5090747962021,3.81916720471054e-14,111.712491619747,78.8046533287641,11.1561847250037,87.7711957963177,64.2666516948757,8.97376191715934,0.902855331696085,0.236415375230933,0,1.21486068085213,1.99794768938141,1.9776581961546,3.16962012192334e-11,0.743745906701609,0.840541944295006,0.260822907920426,2.22044604925031e-16,1.88737914186277e-15,7.7715611723761e-16,0.124679224030162,1.69380714189022,0.637406522861613
1,1,1,1,1,1,0,0,0,1,1,1,121.610772682926,55.953408844525,72.6891212514541,79.8416415343966,102.175515947946,3.5527136788005e-15,201.317035857342,174.8646371994,79.8416415343966,67.8264750109359,67.396289560223,2.03210106182134,0.708145319949604,0.885762134829898,0,1.73904065348811,0.072579799481559,1.98659912157552,5.29188914910605e-11,0.992624241369491,0.514217373490837,0.958271592837653,3.33066907387547e-16,9.99200722162641e-16,3.33066907387547e-16,0.282342348892332,1.43614362298675,0.174362796306738
1,1,1,1,1,1,0,0,0,1,1,1,41.9916636383404,23.1723367804874,16.7787797481355,30.7378459461743,77.264198037564,2.1316282072803e-14,102.843317753539,94.0429777856995,30.7378459461744,114.36577447533,91.8058521776928,27.329277113601,0.262315832618796,0.864815243142333,0,1.88025492945951,0.947196205393077,0.0580372769558055,2.98140179211259e-10,0.449585076988375,0.989121447467393,0.208731515750167,1.11022302462516e-16,2.75335310107039e-14,1.0325074129014e-14,0.41160667551157,1.59667384005719,0.00586993536132274
1,1,1,1,1,1,0,0,0,1,1,1,165.301747463717,53.6353377448548,137.366573978001,74.6883030540951,70.251397794793,7.54951656745106e-15,109.943285938273,67.1151761832078,74.6883030540951,121.078258558041,59.3641041831442,67.425133550877,0.174099728028219,0.0937912887812103,0,1.4963212149778,1.44094506145955,0.040788088706914,5.27523136284458e-10,0.501643919074877,1.11022302462516e-16,1.11022302462516e-16,0.925825378016172,3.33066907387547e-16,0,0.195285528467212,1.33648651970013,0.781186073862488
0.864985163204748,0.886836027713626,0.868778280542986,0,0,0,0,0,0,0,0,0,78.8882297283565,41.3812950653363,56.8949125109382,35.6918777701905,71.7504883033187,7.105427357601e-15,39.1622143566084,14.8555757923806,35.6918777701905,127.488830886429,99.3850910043934,1.8423719746191,0.773612648431234,0.734591710439622,0,1.722544611447,1.96942263209268,1.51423329365029,5.35017585789888e-11,0.963302830147288,0.720303506210342,0.797792863015232,0.0738549431339702,1.22124532708767e-15,5.55111512312578e-16,0.219003148614975,1.57282524131352,0.23816178375204
1,1,1,1,1,1,0,0,0,1,1,1,145.714774752888,131.079772975866,54.0668272811256,33.5807517133442,32.828344246781,3.90798504668055e-14,174.657717385341,21.2384830343446,33.5807517133442,114.366706902462,14.7000530448639,71.1345243323206,0.770145616669636,0.161514929258555,0,0.320390211239676,0.703267007470367,1.91567038529472,1.24552590463622e-11,0.557235267494767,1.11022302462516e-16,0.901444142564366,1.11022302462516e-16,5.55111512312578e-16,1.11022302462516e-16,0.635995429875575,1.51254186519156,0.38423589614643
1,1,1,1,1,1,0,0,0,1,1,1,104.624728899565,38.3443774305725,18.3878504635773,95.5925183897696,10.2830085404984,1.33226762955019e-14,100.949317463489,28.6708590040757,95.5925183897696,49.5613880143343,22.7209147114401,26.538906499139,0.170601152566959,0.0468913544131355,0,1.70907735944906,0.718782843356749,1.98827923960744,8.24524892806267e-11,0.793688121259755,0,0,0,3.33066907387547e-16,0,0.686976960147188,0.925978227072337,1.1218364489115
1,1,1,1,1,1,0,0,0,1,1,1,110.259678507502,85.0706112481994,53.9077110038755,44.8792435403949,12.80157946229,1.59872115546023e-14,77.0495336145267,41.1061315415855,44.8792435403949,173.426488903375,71.5486462141141,17.2286772727919,0.823042728932497,0.574663338766164,0,1.9285104201276,0.834123863747132,1.76700563220157,3.9401149010132e-11,0.842207147187443,0.657987658866916,0.678643369750376,2.22044604925031e-16,1.11022302462516e-15,4.44089209850063e-16,0.116649886862124,1.63167269453938,1.51593311309446
1,1,1,1,1,1,0,0,0,1,1,1,192.653486206147,183.106476082993,45.2494737004737,39.2411683526441,42.8045357916625,7.105427357601e-15,161.25886610829,2.44493790881123,39.2411683526441,174.068489220891,84.0104171438234,23.4952493595072,0.103527925607444,0.267036019050939,0,0.0540590225553565,1.87642507655406,0.262637781378977,1.32174382549977e-10,0.6525978519349,0.831618085625477,0.0172186931794869,0,8.10462807976364e-15,7.7715611723761e-16,0.108872418079719,0.753587596761171,0.221364888452076
1,1,1,1,1,1,0,0,0,1,1,1,125.457502982449,43.1947751947928,4.58569271334897,117.697781936625,22.3350256286995,1.24344978758018e-14,132.895911139619,26.9207183420485,117.697781936625,163.056596889377,101.300837881241,117.352908789268,0.0168447651501888,0.0851279453415212,0,0.0368557393676544,1.64205370671615,0.000344356848025845,5.84145731785668e-10,0.586787030106209,0.844822127010857,0.000758749586573626,0,4.51860771022439e-14,7.7715611723761e-16,0.0791343087021481,1.12415526236886,0.265116548064887
1,1,1,1,1,1,0,0,0,1,1,1,42.3255140481314,0.348903140293798,14.7433908174767,39.6731626321926,46.0113633134921,1.59872115546023e-14,72.5934351196113,60.7547541309688,39.6731626321926,73.1837084548843,49.4617165779705,50.9533945830584,0.224716429279008,0.353124215356112,0,0.0378851361762235,0.895475148966683,1.19745556104053,1.53984935913343e-10,0.533689537553797,0.515143351363383,0.0778056996670994,1.11022302462516e-16,1.22124532708767e-15,3.33066907387547e-16,0.427093282159584,1.5227966650684,0.104305202226427
1,1,1,1,1,1,0,0,0,1,1,1,178.213652028774,98.2850078821019,67.6821485923608,132.360453901344,2.95086257578087,1.86517468137026e-14,148.080648173321,64.73128601658,132.360453901344,58.6320962688438,51.8474290245234,21.8548415729345,0.984606441606588,0.0221364997469763,0,0.795210105928845,1.7649889329615,1.80000267312837,5.9118265838265e-12,0.199626020886058,1.11022302462516e-16,2.22044604925031e-16,1.11022302462516e-16,4.44089209850063e-16,1.11022302462516e-16,0.730449577743744,1.44042285373536,0.646220991487055
1,1,1,1,1,1,0,0,0,1,1,1,140.262535025339,73.5367137787867,86.2379416381314,82.6374484139567,64.03300954922,1.06581410364015e-14,114.401082672088,22.2049320889114,82.6374484139567,50.4673748292688,37.6304985312817,28.8359056233278,0.356351461208362,0.796760298750797,0,1.09911547602309,0.715356031239912,0.0310077229723238,7.06906755354453e-11,0.731783987553374,1.11022302462516e-16,1.11022302462516e-16,0.869519404500892,3.33066907387547e-16,1.11022302462516e-16,0.318077848190706,1.41707135692812,1.38358870207101
1,1,1,1,1,1,0,0,0,1,1,1,158.070861717707,16.2918219876832,156.963108470056,9.14092117445509,33.1041275545145,3.28626015289046e-14,124.442263683931,123.858980915542,9.14092117445512,131.869380405677,102.190646693268,65.9825760383513,0.158497845460802,0.830330608054138,0,1.79274073501112,1.44864810901266,1.46157786330657,2.02034389218397e-10,0.328288057165909,1.11022302462516e-16,2.22044604925031e-16,0.755354319669407,4.44089209850063e-16,1.11022302462516e-16,0.720549032469368,1.57736824747618,0.466009663186408
0.988095238095238,0.801872074882995,0.984615384615385,0,0,0,0,0,0,0,0,0,26.7842795406867,1.19119786982179,4.89142782463531,26.3068928607116,36.0455919417207,2.66453525910038e-14,85.4931226668432,31.1541641170854,26.3068928607117,83.3150942440704,7.73545512342757,30.5621383384356,0.17145163171062,0.557989470394428,0,1.63058867341831,0.37335640716398,0.948865106291814,2.95387159177096e-10,0.364837602056984,1.11022302462516e-16,0.869231802340997,1.11022302462516e-16,6.66133814775094e-16,1.11022302462516e-16,0.922088146249735,0.375744544617595,1.63114883970145
1,1,1,1,1,1,0,0,0,1,1,1,37.8449739966797,18.2675747984173,24.5698994139075,22.2453997622893,2.75490708588117,2.1316282072803e-14,77.924242370336,21.8149923280264,22.2453997622893,105.722515307388,73.6394903313095,16.7334562500898,0.567059648324268,0.91090050239859,0,0.996822708012485,0.916710401551025,0.760800778924656,7.74411645920736e-11,0.738498065108503,0.683931700647689,0.952231377243429,0.41476207855825,1.11022302462516e-15,4.44089209850063e-16,0.171255774357056,0.691229925619108,0.200468945099742
1,1,1,1,1,1,0,0,0,1,1,1,55.9525801359678,45.0795956247539,33.0518012548552,2.46976031025648,62.3963794459139,7.105427357601e-15,60.9977611460052,29.3445781910587,2.46976031025648,78.9169863689305,39.2970569579097,39.6624471026627,0.0976024848828074,0.676112340493496,0,1.99975572923353,1.2018462124614,0.00444128400573674,1.61230917505861e-10,0.909403056931201,0,0.0783230829771268,0,8.88178419700125e-16,0,0.262618590639353,1.19795055589452,1.13670916667856
0.988095238095238,0.801872074882995,0.984615384615385,0,0,0,0,0,0,0,0,0,80.5049075297674,70.2916082388274,38.0675442401022,9.53897390202227,15.5694903975075,2.48689957516035e-14,88.4137492143146,53.6370346376097,9.53897390202225,81.6764469108146,29.6080674032126,4.00166137523517,0.0249213144157948,0.201750807085128,0,0.0464836868689519,0.486076459216209,1.11743650378161,1.69141145534013e-10,0.555947793662696,0,0,0,2.22044604925031e-16,0,0.717762591908496,1.1649101389177,0.926720602132161
1,1,1,1,1,1,0,0,0,1,1,1,142.013523495011,13.3320702159315,49.7072127789891,132.360453901344,15.0240732375908,1.24344978758018e-14,148.080648173321,64.73128601658,132.360453901344,58.6320962688438,51.8474290245234,21.8548415729345,0.984606441606588,0.0221364997469763,0,0.0630476665255161,0.478140369594884,1.96561294044648,5.9118265838265e-12,0.199626020886058,0,2.22044604925031e-16,1.11022302462516e-16,4.44089209850063e-16,0,0.730449577743744,1.44042285373536,0.646220991487055
1,1,1,1,1,1,0,0,0,1,1,1,135.818904496955,23.2124375870111,105.665301635291,82.1145638138874,65.2375133929512,4.9737991503207e-14,190.152153499419,170.902815028242,82.1145638138875,120.150293270467,41.6622843332519,107.266638021988,0.171384414644014,0.450676170388355,0,1.95391621477909,0.0609115569331961,1.79194443990371,2.36747066395537e-10,0.915469116237327,0.519273171895041,0.055313852285881,0,5.88418203051333e-15,3.33066907387547e-16,0.13137721520322,1.15754190844601,0.0540191871547837
1,1,1,1,1,1,0,0,0,1,1,1,149.141463350115,36.6723103433858,15.650690423488,143.712816525041,12.0732106618099,2.66453525910038e-14,172.91034681739,27.7239010852979,143.712816525041,58.6320962688438,51.8474290245234,21.8548415729345,0.984606441606588,0.0221364997469763,0,0.0630476665255161,0.478140369594884,1.96561294044648,5.9118265838265e-12,0.199626020886058,0,2.22044604925031e-16,1.11022302462516e-16,4.44089209850063e-16,0,0.730449577743744,1.44042285373536,0.646220991487055
1,1,1,1,1,1,0,0,0,1,1,1,88.9223822136571,10.9943770369217,88.1965930808557,2.77032508050737,33.175594237446,3.01980662698043e-14,122.52827318324,121.372187318302,2.7703250805074,87.3637621921631,71.2178962554027,33.9721777957936,0.541323554841646,0.265634948896897,0,1.08463761459345,0.360548695808667,1.62750341573694,3.71568331658523e-11,0.88740836207393,0.597286814457136,0.138781499225134,0,1.55431223447522e-15,3.33066907387547e-16,0.301560407038396,0.503726159200768,1.66402983790394
1,1,1,1,1,1,0,0,0,1,1,1,116.552491605607,26.8173245815423,86.7674525034952,73.0528821321724,18.5736799589772,7.46069872548105e-14,106.928576866099,68.193772544518,73.0528821321725,54.8089454137063,8.43703245490078,46.7645204241464,0.5891737263526,0.448065576548764,0,0.486764951602401,1.12029712807519,0.088557192500258,2.13211670541114e-11,0.301469578832737,2.22044604925031e-16,2.22044604925031e-16,0.852184037211162,4.44089209850063e-16,2.22044604925031e-16,0.211658204859563,0.938902203576476,1.48426533640762
1,1,1,1,1,1,0,0,0,1,1,1,36.9154012030612,13.2187457368359,7.52085448583115,33.6370087096163,47.6696745061288,2.8421709430404e-14,63.2213042249748,40.1488200202976,33.6370087096163,66.8549147432122,12.2959590150761,36.7297470461541,0.490292200203802,0.581815973543891,0,1.90010617983939,0.00774914485413563,1.02012556291606,8.09029510051573e-11,0.541171252408158,0.99285680897051,0.177936901104505,0.776774560735393,1.66533453693773e-14,1.56541446472147e-14,0.9164588988702,0.0151636466094039,0.0077676436551084
1,1,1,1,1,1,0,0,0,1,1,1,128.119650692877,87.8961941491453,26.7578889169054,89.2912052134541,11.5765633058965,1.44606548957427e-13,120.037661317429,15.1813256110089,89.291205213454,57.0772362448382,8.98693602031432,47.7383731258375,0.10320113126468,0.011934531013002,0,0.944117191356804,0.998045418080365,1.16057160373268,1.04446895576871e-10,0.921790916437743,0,0.00268283092915955,0,5.55111512312578e-16,0,0.280512556914995,1.05703401180352,0.372200513885749
1,1,1,1,1,1,0,0,0,1,1,1,130.857934253554,103.475170412484,73.2288724295678,32.4687589524011,26.3507875041932,1.06581410364015e-14,215.336892340261,99.579659933761,32.4687589524011,89.0642385446021,62.391932556873,19.9018834239737,0.614327083777077,0.630935523328684,0,5.63500519446885e-05,1.66080900230274,0.549175306394291,3.42310624290576e-11,0.511752355877806,0.823806971625684,0.458047946826958,0.984660873261155,1.33226762955019e-15,7.7715611723761e-16,0.366542362993717,0.129078911051256,1.58208000373496
1,1,1,1,1,1,0,0,0,1,1,1,88.7852158263448,43.8665047063643,24.9363334586315,73.0528821321724,43.2574390858866,4.61852778244065e-14,106.928576866099,68.193772544518,73.0528821321725,107.087144845027,38.9394822020617,96.5417836486808,0.721685750804724,0.685165167158559,0,1.80136958692827,0.586042752144264,0.845432216076883,8.03496158496841e-11,0.625337442755449,0.881369351974865,0.669902990813708,0.975351423558314,1.66533453693773e-15,9.99200722162641e-16,0.0890185471319774,0.163928957160546,1.25402227805854
1,1,1,1,1,1,0,0,0,1,1,1,85.3117922074255,37.2996118363436,68.6970708382319,34.1694791407183,12.1050998500079,4.2632564145606e-14,149.008861739423,56.5919709882241,34.1694791407183,144.007428324376,36.6800827150033,11.0510992991554,0.172472444941803,0.837438256013966,0,0.831331282320348,0.305116940436641,1.66211368352181,1.01835206933742e-10,0.794927408227604,0,0,0.685402299768595,2.22044604925031e-16,0,0.841878292191925,1.35667770378416,0.66648614571347
1,1,1,1,1,1,0,0,0,1,1,1,60.9572958872113,5.44459792122338,59.3956853844983,12.5817658960473,174.396383805616,1.02140518265514e-14,115.715581002377,115.000698421118,12.5817658960473,209.051759066364,148.755638490942,6.45114592071894,0.729012461828767,0.110121799015852,0,0.87224182750082,1.77625800183177,1.28477162307833,2.27589269652384e-09,0.491666652316891,0.99854479443932,0.178260969823468,0.38882345810787,8.27116153345742e-14,7.63833440942108e-14,0.775633253982811,0.0290825861758073,0.0368594532259102
1,1,1,1,1,1,0,0,0,1,1,1,267.07169354659,157.349603484729,131.674341807775,170.968592105485,49.574122005412,1.4210854715202e-14,250.886594485521,181.248463813187,170.968592105485,263.670219680844,185.749638971636,179.552589715565,0.151245137741887,0.605830961563038,0,1.12613702818394,0.230573939336457,1.98946026235573,2.22061813381913e-10,0.670551789804883,0.942933741173686,0.0696800430756496,0,1.68753899743024e-14,2.1094237467878e-15,0.211634132636097,1.31160941149487,0.0605658504255828
1,1,1,1,1,1,0,0,0,1,1,1,214.877866645481,105.943146411536,114.334341100688,147.906070692209,11.0358491265871,3.5527136788005e-14,309.261868563669,125.370190227275,147.906070692209,203.997497049916,39.6488031929399,157.430605043781,0.774257247870088,0.593150894231646,0,0.244525062134195,1.81843500811582,1.70099368550845,5.14301934373407e-11,0.654069481254443,0.985851109210108,0.813642296726237,6.66133814775094e-16,1.64313007644523e-14,7.99360577730113e-15,0.346843943721049,0.302589211023588,0.217936333261845
1,1,1,1,1,1,0,0,0,1,1,1,125.768590909025,18.605634834215,123.158831662237,17.4204189171819,66.3030146428661,1.06581410364015e-14,60.2776271128255,56.8558170193712,17.4204189171819,77.1147138177775,66.9483843637578,10.2252319408423,0.498931948587053,0.564624463570704,0,0.126669934292678,0.538431062162342,0.0284420225311279,1.42451384022024e-10,0.881750780339992,0,0,0.952657406756179,3.33066907387547e-16,0,0.36800988691831,1.40919279383087,1.42551352620241
1,1,1,1,1,1,0,0,0,1,1,1,162.713407944398,12.3870433367993,8.94689365066201,161.994343655129,87.1272465875551,3.73034936274053e-14,194.425790505285,96.0741402382171,161.994343655129,134.325002878593,106.715739951956,80.1914746050874,0.733727166566118,0.843695964839838,0,1.72007577058731,0.915242515850142,0.0493294302567971,2.32233121622016e-11,0.664863368244309,0,0,0.938720623194259,3.33066907387547e-16,0,0.716058536862227,1.48077977852215,0.453931333067152
1,1,1,1,1,1,0,0,0,1,1,1,52.5978961763813,33.3454356505288,38.6565221019463,12.6607228245298,62.5728769441174,1.06581410364015e-14,111.782416592161,101.229399046064,12.6607228245298,85.0964325985094,55.1730101078983,26.1402707792759,0.0486274622951898,0.706640285151955,0,0.677472951527469,0.0409807009970256,0.363975659880399,2.58136068076453e-10,0.933496577565913,0,0,0,2.22044604925031e-16,0,0.725960475112724,0.997754606884564,1.08482312649604
1,1,1,1,1,1,0,0,0,1,1,1,182.199569653247,178.55352569129,12.1560001764637,34.1694791407183,44.4359708117604,4.88498130835069e-14,149.008861739423,56.591970988224,34.1694791407183,118.708942440429,65.5687557829186,7.55614350827017,0.0885575149156375,0.460172229545724,0,1.62306375732884,0.850594866554508,1.60220758361152,8.77272698929232e-11,0.908258609486494,0,0,0,3.33066907387547e-16,0,0.13677660778438,0.872239239758271,0.490104208904848
1,1,1,1,1,1,0,0,0,1,1,1,147.12934592384,26.5959227052634,129.125123719209,65.317713921506,18.7674497630025,2.48689957516035e-14,165.363787098907,110.357673956206,65.317713921506,100.683075192322,48.5968302886491,19.0192560180438,0.298624137988482,0.526829104993329,0,0.963214213242896,1.95358418764181,1.9876368859111,9.25947096774848e-11,0.843497367282346,0,1.11022302462516e-16,1.11022302462516e-16,4.44089209850063e-16,0,0.50948344063295,0.656473319105764,1.13236556040183
1,1,1,1,1,1,0,0,0,1,1,1,43.4070735432134,3.56285715234302,28.9180811857412,32.1749073508039,55.047039000213,1.95399252334028e-14,105.975188005684,83.9651201859542,32.1749073508039,169.255964854968,166.062888872599,24.5487683734874,0.286980383134041,0.72780795324906,0,0.106547853634883,1.64280549226959,0.444147499581288,9.9282027044012e-11,0.803842473087596,0.658201687995351,0.194588239235204,0,2.66453525910038e-15,4.44089209850063e-16,0.0900217403224031,1.41700927650455,0.717554427714346
1,1,1,1,1,1,0,0,0,1,1,1,251.964020412172,220.392196511813,30.0193675108509,118.372230160678,32.3308709617525,2.1316282072803e-14,151.523470907503,2.3115034509016,118.372230160678,118.708942440429,65.5687557829186,7.55614350827017,0.0885575149156375,0.460172229545724,0,1.62306375732884,0.850594866554508,1.60220758361152,8.77272698929232e-11,0.908258609486494,0,0,0,3.33066907387547e-16,0,0.13677660778438,0.872239239758271,0.490104208904848
1,1,1,1,1,1,0,0,0,1,1,1,177.880660459149,160.43900507708,62.7654746692538,44.2871336259549,24.2554890999551,1.77635683940025e-14,92.7855132866408,38.5099855692987,44.2871336259549,97.535570020826,49.4290414750202,67.3083536642665,0.104909316984548,0.856579041621237,0,1.99673247014337,0.0186203030671436,1.06232163429138,2.11619943790708e-10,0.826361979807705,0,0,0,3.33066907387547e-16,0,0.45876162696487,1.11018367201056,0.56577576757906
1,1,1,1,1,1,0,0,0,1,1,1,78.3946150962952,0.0204223809950541,47.3516873595856,62.4782599247345,43.794860204718,1.24344978758018e-14,63.6955344035672,3.55682715486763,62.4782599247345,36.315509671921,4.89950485679965,23.1177170749721,0.289727767057122,0.402456471043943,0,0.199095301600989,1.4580384389804,0.576547326812499,1.40876976750803e-10,0.816842588235376,0,0,0.974604399489148,2.22044604925031e-16,0,0.302251234945005,0.697307831903096,0.777800558131409
1,1,1,1,1,1,0,0,0,1,1,1,130.606725456877,2.79002036326656,101.732300929996,81.8588508863229,57.7218075901385,2.1316282072803e-14,184.266896280854,159.454108520135,81.8588508863229,55.0191585889423,41.1923854500815,36.4732038912104,0.990459513536221,0.353184407046188,0,0.000673121563304923,0.00405510339116166,1.50356905640063,2.16638929018131e-11,0.546684661222483,0.669686476970191,0.449634547683593,1.11022302462516e-16,1.55431223447522e-15,4.44089209850063e-16,0.157740305799855,0.815220009789602,0.105778690496032
1,1,1,1,1,1,0,0,0,1,1,1,280.317687097025,120.304146660483,161.867475219343,194.689081516746,80.5268419612562,2.65065747129256e-15,233.038051727776,81.3406332580868,194.689081516746,232.147141387158,90.5219973112003,174.006294557883,0.760944135033584,0.79630530185389,0,0.00231660556990533,0.777113381223031,1.92102293998475,1.00857433515955e-10,0.870429187421102,0.984187643521649,0.599111835277603,0.671289584816373,1.17683640610267e-14,7.105427357601e-15,0.427788987678622,0.212795745395142,0.24565756169739
